aX,aY,aZ,gX,gY,gZ
-0.074,-0.146,0.888,-25.696,-9.155,9.705
-0.068,-0.113,0.885,-16.907,-10.315,6.958
-0.053,-0.093,0.893,-8.240,-11.475,5.066
-0.053,-0.118,0.916,-1.221,-12.268,3.479
-0.057,-0.138,0.953,2.625,-12.146,4.272
-0.076,-0.144,0.977,2.808,-10.681,7.996
-0.079,-0.159,0.983,-1.038,-8.606,12.024
-0.068,-0.186,0.987,-6.409,-7.080,15.198
-0.062,-0.214,0.990,-12.512,-5.798,16.907
-0.058,-0.232,0.988,-18.372,-4.211,16.968
-0.055,-0.247,0.993,-22.522,-2.686,15.503
-0.055,-0.268,0.997,-23.437,-2.075,12.817
-0.060,-0.287,1.001,-22.705,-2.075,10.315
-0.071,-0.275,1.000,-20.813,-2.502,7.629
-0.074,-0.291,0.998,-18.311,-4.395,3.113
-0.062,-0.298,0.999,-15.930,-7.812,-0.427
-0.058,-0.276,0.997,-12.634,-11.780,-2.502
-0.073,-0.265,1.000,-9.155,-16.296,-5.249
-0.072,-0.262,0.981,-7.263,-20.325,-9.216
-0.071,-0.251,0.954,-7.263,-24.048,-14.771
-0.078,-0.214,0.933,-7.874,-27.954,-20.508
-0.108,-0.249,0.909,-9.827,-31.128,-25.757
-0.103,-0.247,0.883,-14.099,-32.410,-28.381
-0.117,-0.221,0.856,-21.790,-31.982,-29.114
-0.114,-0.226,0.831,-30.884,-30.579,-29.724
-0.083,-0.259,0.817,-38.208,-28.503,-31.189
-0.089,-0.254,0.809,-40.771,-25.085,-33.325
-0.052,-0.223,0.807,-37.903,-23.865,-39.490
0.027,-0.194,0.777,-31.677,-26.550,-46.082
0.118,-0.181,0.715,-23.743,-30.457,-49.377
0.212,-0.117,0.603,-19.226,-34.363,-51.208
0.378,-0.082,0.513,-24.292,-39.978,-60.425
0.517,0.017,0.386,-36.621,-43.152,-75.317
0.694,0.196,0.245,-49.622,-43.823,-93.933
0.827,0.464,0.087,-56.458,-44.739,-109.924
0.981,0.714,-0.118,-54.871,-46.509,-117.859
1.109,1.002,-0.355,-50.720,-49.683,-121.338
1.162,1.335,-0.680,-47.913,-51.880,-123.047
1.186,1.539,-1.152,-44.617,-56.152,-123.413
1.140,1.742,-1.693,-40.710,-58.533,-117.126
1.111,2.082,-2.221,-33.325,-49.805,-100.525
1.021,2.577,-2.627,-7.996,-23.315,-76.599
1.052,2.799,-2.513,59.937,17.700,-49.988
1.188,2.539,-1.969,164.917,60.425,-18.616
1.432,2.138,-1.320,248.169,86.060,12.939
1.698,1.980,-0.687,268.738,88.684,42.114
1.852,1.749,-0.128,248.535,81.787,84.045
1.828,1.255,0.299,215.576,70.557,143.066
1.772,0.637,0.620,183.899,70.007,222.229
1.679,-0.206,0.928,159.607,84.961,301.331
1.510,-1.157,1.354,134.216,113.525,359.436
1.283,-1.941,1.906,106.628,149.048,390.015
1.070,-2.474,2.495,84.045,176.208,393.860
0.969,-2.805,2.999,82.520,178.772,376.831
0.847,-2.975,3.360,97.168,155.823,350.037
0.710,-3.017,3.749,120.850,127.197,316.040
0.575,-2.975,3.969,154.236,104.126,286.133
0.445,-2.921,4.000,168.396,71.716,269.592
0.693,-3.016,4.000,171.509,54.993,269.653
0.614,-3.131,4.000,162.231,50.354,280.579
0.499,-3.484,3.996,132.690,55.603,276.550
0.175,-3.788,3.888,74.036,28.625,243.530
-0.375,-3.565,4.000,21.973,-62.927,227.539
-0.361,-3.411,3.750,12.329,-73.181,187.866
-0.443,-3.212,3.307,17.456,-89.417,123.230
-0.514,-2.849,2.993,23.621,-128.845,62.988
-0.449,-2.458,2.673,19.409,-173.218,18.005
-0.330,-2.126,2.344,1.465,-212.280,-12.207
-0.223,-1.821,1.859,-23.743,-222.229,-25.146
-0.209,-1.624,1.397,-55.115,-215.332,-31.555
-0.251,-1.489,0.911,-88.806,-199.890,-32.898
-0.317,-1.350,0.489,-114.990,-180.176,-32.166
-0.329,-1.220,0.195,-124.634,-159.180,-36.011
-0.280,-1.091,0.036,-118.958,-136.353,-46.265
-0.195,-1.006,0.001,-103.577,-115.173,-61.707
-0.111,-0.918,0.038,-86.243,-98.999,-78.918
-0.027,-0.814,0.089,-71.594,-89.600,-94.727
0.101,-0.694,0.137,-61.279,-82.581,-105.957
0.257,-0.543,0.207,-54.321,-77.026,-107.544
0.370,-0.467,0.289,-48.523,-77.393,-98.450
0.472,-0.495,0.334,-48.706,-86.487,-83.252
0.574,-0.610,0.292,-59.570,-99.060,-66.528
0.590,-0.699,0.085,-74.402,-109.192,-49.011
0.523,-0.715,-0.184,-81.238,-112.366,-32.776
0.479,-0.760,-0.437,-75.378,-107.239,-25.269
0.448,-0.855,-0.682,-63.293,-96.375,-25.940
0.488,-0.917,-0.910,-51.208,-83.191,-29.785
0.584,-0.928,-1.062,-40.100,-67.749,-35.889
0.736,-0.907,-1.149,-30.701,-48.889,-43.884
0.911,-0.874,-1.203,-22.034,-30.396,-49.805
1.077,-0.827,-1.239,-13.977,-14.465,-50.781
1.134,-0.748,-1.281,-9.094,-1.282,-45.349
1.108,-0.715,-1.354,-8.484,9.033,-32.349
1.036,-0.767,-1.432,-12.390,17.578,-11.414
0.913,-0.995,-1.486,-19.592,27.588,12.939
0.794,-1.180,-1.548,-31.616,40.894,31.189
0.645,-1.254,-1.639,-39.856,50.476,35.950
0.480,-1.399,-1.756,-32.593,53.345,27.954
0.220,-1.539,-1.853,-8.789,57.556,11.169
-0.047,-1.563,-1.930,18.494,70.984,-14.648
-0.344,-1.552,-1.928,45.166,93.384,-47.363
-0.583,-1.564,-1.802,68.787,124.695,-78.125
-0.822,-1.662,-1.576,82.825,163.147,-96.375
-1.058,-1.891,-1.348,79.407,203.918,-98.755
-1.174,-2.204,-1.090,57.861,244.080,-86.792
-1.248,-2.701,-0.852,23.926,283.081,-68.237
-1.212,-3.200,-0.795,-22.034,316.406,-57.251
-0.879,-3.497,-0.929,-73.486,335.876,-67.383
-0.013,-3.292,-1.057,-112.610,342.834,-104.492
1.174,-2.584,-0.989,-127.686,353.821,-159.363
2.262,-1.381,-0.496,-127.747,384.338,-211.304
3.426,0.001,0.369,-131.836,428.711,-249.451
4.000,1.592,1.388,-142.944,455.811,-271.973
4.000,3.065,2.034,-145.325,435.364,-282.898
4.000,3.978,2.667,-134.216,375.366,-278.198
4.000,4.000,3.358,-123.352,310.425,-250.671
4.000,4.000,3.903,-127.197,258.179,-204.163
4.000,3.976,4.000,-154.663,194.702,-149.414
3.606,3.246,3.621,-191.223,111.267,-91.187

-0.069,-0.007,0.851,-29.724,-18.555,2.747
-0.060,0.015,0.777,-18.555,-23.254,-0.977
-0.051,0.059,0.727,-10.010,-26.794,-4.333
-0.060,0.104,0.704,-6.592,-26.978,-5.737
-0.053,0.130,0.681,-3.357,-26.123,-4.211
-0.059,0.157,0.671,-1.099,-26.123,-0.916
-0.047,0.175,0.637,-3.723,-27.466,4.333
-0.033,0.172,0.567,-5.188,-28.503,10.254
-0.072,0.179,0.568,-7.568,-27.649,16.541
-0.111,0.128,0.559,-14.099,-26.184,18.005
-0.143,0.051,0.488,-18.127,-23.682,14.771
-0.188,0.016,0.422,-15.869,-23.315,5.981
-0.190,0.040,0.347,-10.315,-22.888,-10.498
-0.140,0.160,0.281,-12.939,-16.479,-34.546
-0.132,0.230,0.161,-14.954,-5.554,-63.904
-0.041,0.358,0.001,1.648,0.732,-89.539
0.066,0.507,-0.127,19.775,1.343,-109.436
0.234,0.627,-0.228,31.250,0.977,-122.803
0.455,0.744,-0.315,40.039,5.920,-124.390
0.701,0.890,-0.383,45.776,16.541,-117.188
0.932,0.959,-0.479,51.636,29.419,-105.225
1.104,0.931,-0.553,59.326,41.626,-91.370
1.250,0.889,-0.596,64.819,49.683,-75.989
1.344,0.886,-0.647,66.650,51.208,-59.265
1.373,0.899,-0.732,68.298,43.640,-43.762
1.303,0.940,-0.888,69.214,29.358,-32.959
1.170,0.982,-1.121,75.012,12.573,-24.963
1.051,1.071,-1.337,92.102,-1.465,-18.677
0.939,1.167,-1.472,121.765,-9.888,-16.479
0.938,1.188,-1.446,157.898,-9.705,-19.409
0.943,1.196,-1.328,186.584,-2.502,-22.095
0.991,1.326,-1.100,197.754,7.935,-19.653
1.073,1.703,-0.771,193.542,19.348,-4.211
1.266,1.846,-0.463,186.707,23.010,28.748
1.401,1.780,-0.150,184.998,23.743,86.731
1.462,1.372,0.198,191.589,33.997,168.457
1.503,0.597,0.576,192.505,56.885,263.550
1.351,-0.261,1.016,172.913,96.069,352.844
1.090,-1.056,1.502,139.587,146.973,421.326
0.840,-1.819,1.923,119.751,193.298,469.971
0.704,-2.529,2.389,123.047,221.680,492.249
0.612,-3.012,2.998,142.334,229.675,473.694
0.660,-3.342,3.698,172.363,217.712,424.744
0.861,-3.444,4.000,200.378,190.735,375.122
1.152,-3.514,4.000,208.618,150.269,330.383
1.494,-3.649,4.000,191.284,104.919,294.373
1.676,-3.703,4.000,155.762,57.861,269.287
1.693,-3.648,4.000,116.272,15.564,247.253
1.698,-3.569,4.000,87.158,-15.991,217.468
1.663,-3.426,3.951,74.280,-48.584,180.359
1.600,-3.214,3.750,71.777,-82.581,142.090
1.605,-2.999,3.470,67.505,-107.422,100.037
1.557,-2.710,3.238,59.021,-136.536,64.758
1.743,-2.465,2.988,47.974,-161.621,37.903
1.279,-2.159,2.932,34.180,-195.374,21.240
1.272,-1.987,2.510,16.663,-206.787,10.132
1.125,-1.772,2.136,-3.601,-196.838,0.916
0.914,-1.574,1.863,-16.479,-211.060,-3.418
0.705,-1.424,1.608,-20.813,-222.351,-12.390
0.602,-1.361,1.334,-21.362,-220.947,-26.489
0.524,-1.345,1.127,-22.583,-219.238,-41.565
0.458,-1.338,0.879,-27.100,-218.323,-54.993
0.381,-1.276,0.538,-36.133,-215.088,-67.627
0.398,-1.199,0.193,-41.504,-209.534,-80.566
0.403,-1.116,-0.058,-38.269,-206.238,-95.642
0.420,-1.053,-0.298,-31.555,-205.139,-111.267
0.476,-0.974,-0.568,-25.635,-196.838,-124.329
0.555,-0.866,-0.787,-20.142,-188.110,-132.751
0.669,-0.786,-0.976,-13.611,-179.321,-133.179
0.785,-0.767,-1.162,-6.836,-166.565,-123.535
0.940,-0.711,-1.331,-4.944,-151.245,-106.873
1.146,-0.580,-1.540,-10.193,-132.507,-85.693
1.333,-0.433,-1.737,-17.944,-116.516,-60.669
1.481,-0.349,-1.925,-26.611,-105.591,-36.072
1.542,-0.307,-2.122,-34.119,-97.290,-18.250
1.520,-0.285,-2.320,-37.354,-88.379,-9.033
1.413,-0.353,-2.437,-32.715,-72.937,-5.615
1.217,-0.439,-2.455,-27.222,-47.913,-7.507
1.001,-0.434,-2.443,-26.306,-18.311,-11.230
0.824,-0.370,-2.400,-23.499,8.911,-12.512
0.682,-0.338,-2.318,-13.062,32.227,-10.437
0.561,-0.383,-2.187,1.831,50.842,-5.371
0.463,-0.439,-2.028,16.541,67.566,0.488
0.341,-0.532,-1.859,28.809,81.665,6.897
0.234,-0.684,-1.745,35.461,93.445,12.207
0.090,-0.825,-1.663,38.513,106.201,14.709
-0.010,-1.036,-1.547,39.185,126.160,9.827
-0.168,-1.292,-1.400,34.058,155.762,-4.517
-0.251,-1.444,-1.230,21.667,190.430,-29.968
-0.366,-1.639,-1.061,4.028,222.595,-53.223
-0.388,-1.919,-0.965,-18.005,246.155,-68.481
-0.246,-2.082,-0.990,-48.523,256.714,-80.627
0.029,-2.140,-1.082,-78.003,256.226,-90.942
0.407,-2.071,-1.194,-95.337,248.962,-101.013
0.845,-2.055,-1.175,-88.379,239.258,-109.985
1.247,-2.073,-0.923,-60.486,233.643,-119.629
1.794,-1.786,-0.397,-32.043,239.868,-146.118
2.404,-1.192,0.440,-14.771,257.568,-192.261
3.139,-0.400,1.342,-11.414,272.522,-227.722
3.706,0.336,2.172,-26.855,269.531,-231.384
4.000,0.982,2.824,-59.448,257.874,-216.187
4.000,1.464,3.396,-96.924,255.798,-189.331
3.942,1.751,3.917,-134.460,268.311,-167.297
3.723,2.253,4.000,-161.926,276.489,-167.786
3.599,2.762,4.000,-164.185,268.799,-181.702
3.461,3.009,4.000,-154.724,243.164,-186.646
3.011,2.895,4.000,-149.414,194.641,-167.847
2.412,2.621,4.000,-151.001,130.493,-129.517
1.772,2.317,3.765,-159.973,71.472,-90.393
1.274,2.182,3.189,-171.387,30.945,-62.317
0.932,2.048,2.632,-175.537,4.822,-42.603
0.666,1.762,2.199,-165.466,-13.000,-25.269
0.561,1.613,1.805,-146.790,-23.376,-19.043
0.450,1.329,1.538,-114.502,-31.311,-12.573
0.353,1.002,1.411,-73.486,-40.710,-7.202
0.355,0.726,1.364,-34.973,-46.936,-5.920
0.382,0.470,1.414,-6.409,-56.030,-7.568
0.418,0.279,1.491,9.155,-67.871,-6.775
0.436,0.121,1.524,11.658,-80.139,-2.625

0.088,-0.197,0.814,-36.438,-52.246,-14.526
0.088,-0.123,0.763,-32.898,-52.063,-24.414
0.087,-0.038,0.713,-29.480,-50.049,-34.180
0.087,0.058,0.668,-28.259,-46.204,-41.321
0.091,0.140,0.638,-29.297,-40.344,-46.143
0.116,0.220,0.625,-33.569,-33.203,-49.866
0.140,0.284,0.643,-38.696,-25.452,-52.551
0.183,0.347,0.651,-44.434,-18.250,-54.810
0.210,0.431,0.649,-50.232,-12.695,-56.580
0.225,0.556,0.634,-54.688,-10.864,-60.852
0.248,0.722,0.573,-54.626,-12.451,-68.542
0.284,0.859,0.454,-46.997,-18.494,-75.562
0.358,0.955,0.301,-32.288,-27.710,-77.698
0.493,1.049,0.135,-16.357,-37.231,-74.402
0.645,1.090,0.022,-3.296,-42.542,-67.505
0.708,1.053,-0.056,0.610,-40.833,-56.824
0.727,1.011,-0.176,-8.667,-32.715,-44.678
0.764,0.908,-0.289,-22.705,-24.353,-38.269
0.771,0.877,-0.427,-31.311,-18.982,-37.170
0.776,0.822,-0.558,-30.212,-19.470,-46.082
0.760,0.778,-0.702,-16.541,-24.780,-59.082
0.746,0.838,-0.803,2.502,-35.156,-75.562
0.708,0.938,-0.911,20.142,-45.227,-95.093
0.677,1.012,-1.004,34.363,-52.490,-113.525
0.681,1.051,-1.072,47.729,-55.237,-125.122
0.701,1.129,-1.092,59.021,-55.115,-127.014
0.728,1.261,-1.065,66.528,-53.467,-118.042
0.772,1.379,-0.994,76.965,-48.096,-99.670
0.836,1.522,-0.884,92.773,-40.161,-74.707
0.848,1.561,-0.733,115.417,-34.119,-42.664
0.792,1.464,-0.526,139.587,-33.142,-3.723
0.725,1.386,-0.297,148.376,-33.142,35.278
0.665,1.363,-0.157,138.733,-24.231,71.472
0.672,1.307,-0.089,126.221,-9.827,106.689
0.694,1.258,-0.069,129.028,7.568,149.597
0.706,0.993,-0.031,155.945,28.564,208.496
0.731,0.405,0.161,191.833,49.377,283.752
0.911,-0.422,0.592,218.262,83.069,370.667
1.003,-1.301,1.235,221.008,132.446,452.637
0.994,-2.246,2.031,200.439,191.956,514.343
1.030,-3.042,2.822,167.664,243.286,536.682
1.126,-3.544,3.506,138.062,262.817,505.981
1.185,-3.904,4.000,119.385,240.051,427.307
1.426,-3.999,4.000,122.131,186.707,338.135
1.590,-4.000,4.000,143.738,110.413,262.878
1.750,-4.000,4.000,159.241,41.565,204.468
1.910,-3.937,3.977,149.597,-5.737,166.504
1.991,-3.919,3.737,125.793,-32.654,145.996
1.945,-3.849,3.598,100.403,-46.631,136.780
1.836,-3.715,3.503,76.416,-56.152,127.380
1.702,-3.510,3.354,55.969,-70.374,111.572
1.551,-3.213,3.098,42.542,-92.957,89.417
1.396,-2.883,2.777,34.424,-121.094,64.697
1.252,-2.542,2.410,28.137,-147.461,42.542
1.061,-2.209,2.060,20.142,-168.152,25.696
0.857,-1.991,1.791,11.169,-192.200,7.568
0.696,-1.766,1.766,-5.859,-230.164,-17.761
0.623,-1.452,1.511,-22.888,-238.098,-33.020
0.516,-1.209,1.251,-35.461,-243.225,-53.650
0.514,-1.085,1.006,-41.199,-251.404,-75.500
0.529,-1.002,0.811,-46.875,-264.099,-87.769
0.521,-0.903,0.565,-57.861,-271.362,-86.548
0.531,-0.790,0.200,-71.777,-263.733,-77.087
0.528,-0.697,-0.202,-80.017,-244.995,-64.758
0.431,-0.529,-0.582,-78.491,-218.201,-51.147
0.354,-0.398,-0.830,-65.979,-190.857,-40.100
0.328,-0.331,-0.922,-43.030,-166.504,-32.104
0.370,-0.313,-0.948,-18.005,-144.470,-24.414
0.443,-0.327,-1.006,-2.930,-122.864,-14.221
0.545,-0.256,-1.125,-2.808,-103.638,1.526
0.663,-0.214,-1.306,-16.968,-91.675,18.311
0.703,-0.370,-1.490,-40.161,-84.839,33.997
0.698,-0.568,-1.667,-64.697,-78.918,42.358
0.819,-0.554,-2.013,-77.759,-70.984,37.231
0.872,-0.561,-2.336,-68.542,-70.007,19.653
0.888,-0.528,-2.554,-35.828,-67.505,-3.906
0.870,-0.546,-2.781,1.526,-56.213,-35.461
0.813,-0.709,-2.839,35.583,-34.973,-68.542
0.785,-0.824,-2.754,62.378,1.282,-85.083
0.797,-0.909,-2.635,75.806,46.143,-89.111
0.778,-1.013,-2.453,82.031,86.060,-86.670
0.738,-1.168,-2.209,84.534,117.554,-79.468
0.596,-1.448,-2.014,77.026,143.555,-70.129
0.328,-1.816,-1.893,55.664,165.588,-60.852
0.074,-2.244,-1.805,24.353,188.416,-56.335
-0.198,-2.654,-1.621,-9.338,214.417,-60.791
-0.474,-3.042,-1.410,-39.368,241.455,-77.026
-0.555,-3.298,-1.418,-67.749,266.418,-106.262
-0.370,-3.400,-1.635,-87.830,285.583,-145.142
0.256,-3.114,-1.896,-92.957,296.692,-188.110
1.185,-2.494,-1.849,-86.121,309.998,-231.018
2.045,-1.735,-1.314,-75.806,334.839,-268.738
2.952,-0.813,-0.448,-73.364,368.042,-289.978
3.836,0.287,0.592,-81.177,397.522,-288.025
4.000,1.343,1.541,-85.144,407.898,-268.127
4.000,2.042,2.302,-78.613,389.099,-234.253
4.000,2.492,2.830,-65.613,349.243,-182.068
4.000,2.639,3.347,-57.495,295.227,-122.498
4.000,2.787,3.841,-62.378,251.465,-88.013
3.974,2.940,4.000,-67.871,230.164,-97.229
3.656,3.158,4.000,-63.171,202.942,-122.803
3.316,3.154,4.000,-56.091,156.311,-131.653
2.834,2.919,4.000,-69.397,102.600,-108.582
2.381,2.538,3.877,-101.318,64.819,-59.082
1.913,2.082,3.545,-143.982,44.861,-6.470
1.439,1.574,3.084,-187.012,31.616,34.912
1.032,1.121,2.591,-216.248,17.517,64.270
0.679,0.811,2.055,-224.670,3.418,77.881
0.542,0.675,1.663,-208.008,-3.174,75.134
0.530,0.593,1.447,-164.185,-10.681,60.913
0.544,0.498,1.404,-107.483,-22.461,43.091
0.524,0.422,1.408,-58.655,-36.743,24.231
0.650,0.354,1.391,-28.931,-43.945,7.019
0.439,0.413,1.386,-17.456,-46.021,-3.296
0.662,0.161,1.079,-14.832,-26.855,-4.028
0.432,0.004,1.387,-16.846,-39.856,-17.944
0.501,0.247,1.412,-12.329,-91.003,-4.517
0.844,0.316,1.133,-7.080,-88.074,22.339
0.636,0.194,0.940,-17.212,-68.237,22.461

-0.071,-0.035,0.766,-22.766,15.198,-4.028
-0.068,-0.033,0.751,-22.461,12.817,-6.104
-0.089,-0.035,0.751,-20.691,10.864,-8.850
-0.117,-0.058,0.770,-18.799,10.071,-12.146
-0.105,-0.066,0.772,-18.799,10.925,-15.625
-0.066,-0.059,0.736,-20.752,13.306,-19.226
-0.042,-0.063,0.713,-22.400,14.160,-23.010
-0.052,-0.075,0.705,-22.827,13.733,-26.794
-0.081,-0.089,0.700,-23.376,13.184,-31.433
-0.083,-0.049,0.673,-26.184,11.963,-37.720
-0.075,0.037,0.627,-29.480,8.301,-44.312
-0.012,0.091,0.568,-27.832,2.197,-52.490
0.080,0.152,0.534,-25.146,-7.996,-62.500
0.184,0.233,0.505,-24.841,-20.569,-73.425
0.315,0.354,0.419,-32.104,-30.151,-81.482
0.416,0.507,0.305,-45.776,-34.241,-86.548
0.543,0.656,0.227,-60.364,-33.142,-89.355
0.665,0.798,0.207,-73.608,-26.428,-88.440
0.795,0.946,0.186,-86.548,-19.775,-82.214
1.027,1.021,0.137,-87.708,-16.113,-72.021
1.187,1.052,0.029,-73.120,-17.029,-63.904
1.260,1.059,-0.119,-55.969,-21.057,-59.509
1.291,0.989,-0.329,-44.434,-25.146,-55.664
1.319,0.963,-0.536,-37.720,-26.245,-51.514
1.263,0.978,-0.796,-34.058,-22.400,-48.340
1.086,0.998,-1.028,-29.358,-10.559,-46.021
0.944,1.106,-1.180,-23.865,5.554,-43.762
0.806,1.327,-1.297,-4.211,25.208,-41.565
0.582,1.338,-1.344,42.542,38.330,-44.067
0.469,1.249,-1.228,106.140,35.339,-55.298
0.536,1.415,-1.107,151.550,29.297,-61.951
0.563,1.857,-0.975,170.227,27.405,-51.636
0.545,2.341,-0.910,179.382,28.870,-19.897
0.619,2.480,-0.815,200.684,29.907,38.330
0.705,2.284,-0.526,228.149,36.011,124.146
0.818,1.471,-0.096,236.389,54.626,221.436
0.612,0.695,0.536,204.712,85.571,317.993
0.588,-0.046,1.065,140.015,130.005,397.705
0.388,-0.875,1.659,80.139,181.580,446.106
0.095,-1.642,2.430,47.241,223.572,461.609
-0.172,-2.163,2.973,36.194,245.972,443.787
-0.225,-2.268,3.449,46.448,238.159,412.415
-0.118,-2.500,3.844,81.970,202.087,369.812
0.004,-2.679,4.000,117.554,163.452,330.811
0.125,-2.768,4.000,121.582,131.775,301.331
0.270,-2.877,4.000,101.379,107.483,284.729
0.369,-3.030,4.000,71.777,84.656,274.353
0.505,-3.183,4.000,42.419,60.242,258.118
0.583,-3.205,4.000,21.851,36.011,231.506
0.631,-3.089,4.000,9.460,11.841,196.716
0.685,-2.940,4.000,7.812,-16.846,159.363
0.755,-2.720,4.000,12.329,-48.157,121.033
0.812,-2.387,3.927,15.808,-73.303,84.351
0.810,-2.050,3.563,17.639,-92.102,55.847
0.784,-1.755,3.159,16.968,-100.952,37.964
0.875,-1.519,2.675,12.817,-99.976,27.161
0.890,-1.310,2.239,4.517,-121.338,14.343
0.797,-1.234,1.834,-1.099,-176.331,-5.432
0.607,-1.141,1.676,-6.897,-235.046,-19.836
0.546,-0.993,1.261,-12.695,-247.986,-16.846
0.584,-0.897,0.744,-13.489,-221.252,-25.574
0.560,-0.831,0.378,-7.935,-202.576,-40.405
0.555,-0.717,0.086,2.930,-189.880,-44.067
0.544,-0.599,-0.163,16.357,-175.598,-36.377
0.591,-0.610,-0.405,28.564,-156.250,-29.419
0.601,-0.656,-0.573,30.884,-134.705,-29.724
0.603,-0.629,-0.701,21.729,-109.924,-33.569
0.627,-0.606,-0.870,8.667,-80.811,-37.231
0.671,-0.632,-1.053,-5.310,-53.101,-40.649
0.708,-0.631,-1.227,-22.095,-30.457,-40.833
0.699,-0.630,-1.370,-36.316,-13.733,-37.476
0.714,-0.759,-1.453,-41.077,1.160,-32.959
0.729,-0.830,-1.597,-36.926,14.465,-34.302
0.713,-0.808,-1.767,-22.888,18.372,-46.265
0.771,-0.841,-1.810,6.348,12.146,-62.805
0.792,-0.924,-1.797,39.185,2.319,-75.806
0.867,-0.996,-1.767,61.768,-6.104,-84.778
0.854,-1.032,-1.665,71.472,-9.155,-86.121
0.807,-1.060,-1.552,67.993,-3.113,-81.177
0.812,-1.045,-1.456,56.152,7.935,-72.937
0.783,-1.032,-1.409,44.006,16.907,-63.477
0.720,-1.048,-1.393,36.743,18.494,-54.810
0.642,-0.996,-1.396,33.203,16.052,-47.852
0.587,-0.998,-1.407,36.255,12.573,-42.114
0.449,-1.095,-1.388,44.434,10.803,-36.987
0.308,-1.277,-1.385,50.964,19.409,-36.621
0.173,-1.478,-1.321,50.781,41.992,-46.143
0.005,-1.617,-1.163,37.964,75.623,-68.054
-0.135,-1.646,-1.012,13.428,118.103,-96.375
-0.220,-1.620,-0.892,-9.583,158.630,-120.361
-0.290,-1.678,-0.818,-23.804,185.730,-135.315
-0.425,-1.613,-0.898,-37.354,198.120,-146.179
-0.443,-1.381,-1.280,-52.856,200.684,-156.128
-0.376,-1.135,-1.635,-52.673,200.684,-160.522
-0.126,-0.892,-1.615,-35.583,220.581,-164.612
0.446,-0.545,-1.023,-22.583,271.484,-171.753
1.311,-0.177,-0.099,-29.358,332.153,-173.462
2.242,0.428,0.937,-49.561,366.028,-168.335
3.117,1.095,2.041,-70.007,363.464,-168.884
3.713,1.788,2.692,-76.050,339.172,-172.363
4.000,2.240,3.585,-58.289,287.964,-175.354
3.978,2.527,4.000,-25.513,246.582,-169.128
3.735,2.574,4.000,-0.671,202.881,-150.452
3.340,2.539,4.000,-8.301,160.278,-112.610
2.955,2.345,4.000,-42.786,117.920,-71.716
2.350,2.205,4.000,-87.402,81.848,-44.556
1.945,2.032,4.000,-121.155,55.664,-27.527
1.567,1.805,3.880,-131.531,26.733,-15.869
1.187,1.547,3.557,-119.812,-3.235,-10.681
0.872,1.297,3.228,-101.501,-33.936,-9.460
0.621,1.022,2.919,-91.431,-60.669,-4.578
0.423,0.748,2.620,-92.957,-81.665,3.784
0.241,0.530,2.275,-96.558,-98.816,10.437
0.092,0.367,1.854,-92.712,-112.793,10.986
-0.033,0.281,1.484,-79.041,-119.568,9.766
-0.013,0.187,1.260,-55.481,-117.371,8.484
0.021,0.111,1.176,-24.902,-111.877,8.667
0.015,0.049,1.164,6.104,-109.131,9.766
0.043,-0.014,1.141,30.579,-108.826,9.094

-0.016,-0.045,0.853,4.150,-17.395,10.071
-0.019,-0.043,0.844,5.737,-17.334,9.888
-0.017,-0.042,0.864,6.165,-15.930,8.789
0.000,-0.057,0.870,5.310,-12.878,7.019
-0.001,-0.069,0.864,4.089,-8.118,4.639
-0.008,-0.071,0.869,0.488,-3.662,1.831
-0.003,-0.062,0.865,-3.113,-0.977,-0.427
-0.013,-0.047,0.861,-4.578,0.061,-1.587
-0.017,-0.053,0.874,-3.479,-0.244,-2.075
-0.029,-0.055,0.891,-2.502,-0.977,-1.343
-0.038,-0.062,0.901,-2.686,-2.380,-1.038
-0.046,-0.060,0.894,-1.892,-4.211,-1.709
-0.062,-0.052,0.876,0.610,-6.897,-2.747
-0.064,-0.044,0.858,4.150,-9.705,-4.456
-0.066,-0.040,0.833,6.775,-12.268,-6.409
-0.064,-0.049,0.806,10.010,-14.709,-8.545
-0.083,-0.071,0.782,11.658,-15.991,-11.780
-0.089,-0.117,0.757,11.658,-14.465,-16.724
-0.074,-0.164,0.737,11.108,-10.559,-22.217
-0.095,-0.179,0.732,12.451,-5.188,-28.625
-0.135,-0.212,0.753,16.357,-0.366,-36.621
-0.133,-0.251,0.753,24.353,3.418,-46.265
-0.120,-0.270,0.768,36.194,5.859,-55.908
-0.111,-0.255,0.804,47.546,4.761,-64.575
-0.058,-0.233,0.829,52.612,2.502,-72.266
0.039,-0.202,0.827,50.842,0.732,-76.233
0.099,-0.153,0.834,43.823,-1.282,-75.989
0.121,-0.132,0.829,37.415,-4.639,-75.439
0.131,-0.121,0.773,33.142,-10.010,-76.233
0.252,0.175,0.738,6.531,-10.559,-77.637
0.203,0.014,0.662,-38.330,-4.883,-82.947
0.253,0.088,0.594,-37.720,-8.423,-80.872
0.217,0.293,0.482,-37.537,-17.761,-74.219
0.306,0.497,0.369,-41.321,-35.400,-78.735
0.468,0.667,0.141,-43.518,-49.561,-84.412
0.584,0.930,-0.061,-50.354,-55.664,-84.717
0.691,1.220,-0.362,-65.430,-56.580,-84.412
0.809,1.465,-0.642,-72.632,-52.124,-83.435
0.913,1.754,-0.889,-64.148,-46.875,-77.148
1.026,2.069,-1.100,-41.626,-42.297,-70.557
1.158,2.208,-1.221,-9.033,-42.297,-68.237
1.291,2.236,-1.320,27.344,-46.387,-63.721
1.315,2.185,-1.341,59.082,-51.453,-51.575
1.233,2.130,-1.333,79.590,-51.208,-32.288
1.162,2.051,-1.379,87.036,-42.175,-5.554
1.091,2.000,-1.413,89.111,-22.888,27.222
0.959,1.882,-1.355,107.727,3.174,59.387
0.840,1.591,-1.088,147.217,24.048,77.026
0.879,1.385,-0.721,182.251,41.077,86.121
0.933,1.291,-0.385,196.289,54.077,103.638
0.962,1.174,-0.104,200.439,59.875,136.108
1.003,0.816,0.100,204.590,59.753,191.895
1.014,0.222,0.305,201.904,59.875,264.648
0.925,-0.503,0.559,177.368,73.120,339.539
0.819,-1.348,0.863,136.841,103.394,402.710
0.646,-2.128,1.247,102.295,140.320,448.059
0.474,-2.796,1.738,89.478,176.025,469.604
0.470,-3.443,2.354,98.328,202.820,463.257
0.623,-3.989,3.007,119.995,212.646,430.603
0.848,-4.000,3.719,142.273,202.271,384.521
1.116,-4.000,4.000,149.780,171.753,338.318
1.345,-4.000,4.000,141.663,124.512,296.631
1.457,-4.000,4.000,123.413,69.092,259.644
1.454,-4.000,4.000,94.116,15.137,220.215
1.413,-4.000,4.000,63.293,-32.837,173.462
1.309,-4.000,4.000,41.931,-78.125,125.610
1.193,-3.957,4.000,27.588,-119.751,81.299
1.062,-3.464,3.711,14.282,-156.006,41.992
0.904,-2.944,3.280,0.244,-182.678,10.681
0.718,-2.419,2.846,-14.282,-197.876,-12.634
0.559,-1.927,2.368,-26.245,-202.148,-31.189
0.393,-1.505,2.070,-30.090,-207.458,-47.241
0.299,-1.283,1.883,-26.611,-225.159,-66.956
0.215,-1.002,1.813,-22.217,-252.625,-85.754
0.162,-0.760,1.521,-18.921,-260.132,-90.088
0.157,-0.674,1.219,-19.470,-246.643,-99.487
0.148,-0.612,0.993,-25.452,-234.253,-109.436
0.169,-0.517,0.721,-34.973,-223.755,-108.337
0.172,-0.417,0.444,-44.006,-213.867,-103.455
0.159,-0.421,0.144,-49.133,-204.773,-101.318
0.187,-0.412,-0.205,-53.040,-189.636,-98.145
0.220,-0.413,-0.523,-53.650,-164.978,-92.590
0.243,-0.425,-0.782,-48.950,-133.728,-83.008
0.303,-0.435,-1.017,-44.739,-94.055,-69.519
0.389,-0.440,-1.212,-45.349,-53.040,-57.251
0.480,-0.397,-1.382,-54.565,-17.944,-47.668
0.584,-0.324,-1.518,-67.932,6.287,-39.368
0.724,-0.308,-1.675,-76.721,23.132,-30.212
0.887,-0.354,-1.810,-71.228,34.973,-20.630
1.010,-0.456,-1.885,-46.692,37.964,-15.625
1.088,-0.566,-2.057,-10.803,29.358,-20.447
1.165,-0.725,-2.144,25.757,9.705,-34.119
1.329,-0.862,-2.267,53.955,-4.028,-49.744
1.305,-0.952,-2.358,67.383,-6.714,-58.533
1.217,-1.026,-2.399,70.984,0.549,-59.692
1.102,-1.096,-2.381,68.909,18.921,-53.406
1.036,-1.196,-2.308,64.819,39.490,-41.687
1.011,-1.304,-2.167,59.570,55.054,-28.992
0.939,-1.436,-2.024,53.284,64.148,-19.592
0.819,-1.516,-1.891,44.922,68.970,-14.526
0.671,-1.619,-1.813,34.241,73.242,-13.855
0.511,-1.717,-1.789,22.949,80.750,-20.996
0.308,-1.829,-1.758,13.306,93.872,-37.964
0.104,-1.905,-1.704,5.249,112.610,-61.890
-0.098,-1.959,-1.623,-1.099,136.719,-86.182
-0.335,-2.090,-1.623,-9.338,164.978,-108.704
-0.357,-2.242,-1.639,-22.644,197.510,-132.690
-0.124,-2.309,-1.695,-40.955,234.131,-158.020
0.299,-2.086,-1.778,-60.425,270.630,-184.631
1.013,-1.485,-1.646,-73.669,308.289,-210.632
1.830,-0.811,-1.037,-71.594,342.651,-222.778
2.427,-0.073,-0.022,-69.275,368.958,-214.722
2.905,0.599,1.044,-83.862,390.991,-194.458
3.439,1.136,2.019,-105.591,401.672,-170.837
3.789,1.694,2.715,-120.911,391.113,-161.987
4.000,2.412,3.190,-101.868,359.009,-171.936
4.000,2.949,3.784,-42.725,310.608,-187.439
4.000,3.032,4.000,15.564,275.452,-190.918
3.999,2.723,4.000,32.227,261.780,-175.171

0.048,-0.133,0.918,-1.526,-39.429,-1.770
0.034,-0.105,0.889,-2.014,-38.025,0.061
0.028,-0.089,0.881,-2.136,-34.851,0.854
0.036,-0.073,0.887,-2.319,-30.212,1.160
0.045,-0.060,0.896,-2.747,-25.452,0.916
0.041,-0.067,0.904,-3.662,-21.484,0.793
0.031,-0.058,0.891,-6.165,-18.677,0.122
0.025,-0.035,0.858,-9.766,-17.090,-0.977
0.019,-0.009,0.827,-12.146,-17.395,-3.174
0.025,0.025,0.778,-14.465,-19.287,-5.432
0.041,0.062,0.727,-16.602,-21.179,-6.714
0.032,0.112,0.691,-18.982,-22.583,-7.324
-0.002,0.154,0.670,-23.499,-22.827,-7.874
0.005,0.224,0.620,-34.424,-22.339,-8.667
0.013,0.276,0.517,-53.711,-20.447,-6.958
0.059,0.416,0.328,-79.956,-17.151,-9.033
0.126,0.587,0.069,-101.563,-12.939,-14.526
0.213,0.716,-0.204,-111.877,-9.033,-22.949
0.325,0.878,-0.456,-111.694,-5.127,-32.837
0.465,1.030,-0.687,-104.797,-3.601,-41.931
0.639,1.157,-0.891,-90.027,-4.456,-47.668
0.782,1.246,-1.038,-69.092,-5.859,-49.561
0.999,1.317,-1.034,-48.706,-6.653,-47.302
0.904,1.413,-1.304,-34.302,-15.381,-40.100
0.982,1.442,-1.294,-13.916,-15.076,-32.410
0.982,1.371,-1.344,1.343,-5.310,-28.503
0.808,1.375,-1.346,12.939,5.676,-25.940
0.710,1.464,-1.324,22.644,17.639,-20.447
0.675,1.580,-1.344,30.518,31.616,-6.714
0.642,1.719,-1.351,41.504,46.082,17.578
0.651,1.879,-1.368,62.256,61.401,48.157
0.672,1.757,-1.272,103.699,69.641,76.843
0.729,1.493,-1.010,150.879,67.322,99.365
0.784,1.197,-0.726,174.622,69.824,118.286
0.838,1.012,-0.491,169.617,83.679,139.038
0.876,0.744,-0.221,162.415,107.483,168.335
0.917,0.231,0.219,173.157,131.775,204.407
0.909,-0.461,0.769,194.397,150.146,238.770
0.892,-1.111,1.337,208.130,163.818,264.954
0.811,-1.588,1.831,205.872,175.110,279.968
0.830,-2.060,2.264,197.754,181.702,287.109
0.888,-2.527,2.633,191.956,180.542,294.250
0.932,-2.812,2.997,181.763,180.054,300.842
1.140,-3.153,3.378,168.640,179.199,301.636
1.255,-3.491,3.992,162.231,170.471,300.110
1.399,-3.620,4.000,151.062,167.114,297.180
1.495,-3.737,4.000,130.554,141.724,278.809
1.753,-3.799,4.000,108.582,114.136,249.451
1.916,-3.760,4.000,95.337,75.073,211.548
1.975,-3.642,4.000,93.872,30.884,166.626
1.968,-3.517,4.000,97.961,-19.226,119.690
1.931,-3.327,4.000,99.487,-68.237,74.097
1.860,-3.062,4.000,94.666,-110.168,31.494
1.726,-2.699,4.000,85.327,-145.020,-2.014
1.705,-2.293,3.667,69.946,-177.185,-26.733
1.380,-1.917,3.422,50.110,-222.351,-46.265
1.307,-1.589,2.797,33.630,-258.118,-56.702
1.114,-1.262,2.222,23.010,-263.794,-68.115
0.863,-0.943,1.754,11.169,-265.259,-79.590
0.584,-0.680,1.409,0.549,-271.851,-88.989
0.444,-0.530,1.066,-3.723,-265.259,-93.811
0.308,-0.401,0.844,-8.789,-262.939,-98.633
0.227,-0.267,0.545,-17.090,-267.212,-101.868
0.224,-0.199,0.145,-24.414,-265.381,-101.013
0.229,-0.174,-0.260,-27.405,-253.357,-96.619
0.232,-0.136,-0.578,-24.536,-234.436,-87.524
0.259,-0.116,-0.780,-17.151,-214.417,-73.975
0.316,-0.174,-0.931,-11.047,-194.580,-57.556
0.374,-0.266,-1.115,-9.094,-173.157,-38.879
0.406,-0.341,-1.320,-14.099,-147.034,-22.095
0.448,-0.456,-1.510,-25.757,-114.929,-10.559
0.503,-0.629,-1.666,-42.358,-79.712,-5.310
0.589,-0.759,-1.825,-60.974,-44.983,-7.568
0.716,-0.842,-1.924,-70.496,-16.113,-16.663
0.899,-0.829,-2.083,-61.829,2.014,-28.687
1.163,-0.825,-2.146,-34.363,5.066,-41.687
1.364,-0.787,-2.134,4.456,5.127,-53.772
1.459,-0.820,-2.108,41.321,5.554,-61.218
1.509,-0.820,-2.031,67.383,5.310,-59.692
1.464,-0.825,-2.004,76.050,7.935,-46.387
1.350,-0.917,-2.010,70.251,13.977,-25.391
1.214,-1.010,-2.001,56.213,25.940,-2.441
1.108,-1.115,-1.956,36.743,44.678,16.968
0.986,-1.242,-1.887,15.808,67.322,28.198
0.827,-1.393,-1.797,-0.183,87.280,25.879
0.709,-1.559,-1.695,-6.226,100.891,9.583
0.647,-1.646,-1.607,-4.639,111.084,-18.616
0.515,-1.688,-1.518,5.859,119.690,-53.345
0.409,-1.745,-1.401,20.569,130.066,-88.684
0.399,-1.783,-1.288,28.320,145.569,-118.286
0.422,-1.850,-1.194,22.583,164.673,-137.024
0.515,-1.858,-1.162,0.305,185.913,-147.888
0.717,-1.770,-1.185,-37.048,210.144,-159.973
1.031,-1.506,-1.120,-78.857,239.380,-180.115
1.390,-1.074,-0.954,-104.980,269.470,-204.102
1.663,-0.550,-0.511,-103.516,289.673,-227.966
1.927,-0.035,0.263,-88.684,307.312,-249.573
2.314,0.528,1.222,-78.857,325.073,-265.442
2.674,1.157,2.161,-79.285,328.979,-270.752
3.052,1.801,2.882,-89.966,313.538,-266.541
3.211,2.260,3.330,-106.262,283.630,-251.892
3.089,2.636,3.670,-123.596,250.916,-228.882
3.048,3.005,3.946,-143.433,229.370,-210.327
2.944,3.196,4.000,-158.447,215.332,-196.350
2.723,3.180,4.000,-161.255,189.392,-169.128
2.323,3.022,3.880,-156.128,148.804,-132.690
1.817,2.675,3.567,-146.179,107.788,-100.037
1.329,2.369,3.216,-139.465,75.623,-72.632
0.859,2.026,2.896,-133.667,52.246,-48.950
0.514,1.643,2.628,-126.587,36.926,-30.396
0.249,1.261,2.417,-118.958,27.771,-15.930
0.165,0.994,2.283,-109.009,23.254,-7.019
0.189,0.833,2.221,-95.154,17.639,-2.991
0.253,0.744,2.178,-78.430,7.446,-3.662
0.322,0.623,2.129,-62.256,-5.981,-7.507
0.375,0.523,2.093,-51.086,-20.203,-9.460
0.408,0.436,2.042,-46.204,-34.485,-9.216
0.412,0.358,1.923,-42.419,-49.683,-9.216
0.378,0.280,1.754,-33.569,-64.941,-10.925

0.150,-0.059,0.801,-22.949,-10.254,-13.428
0.130,-0.070,0.784,-25.757,-13.123,-8.179
0.114,-0.097,0.770,-29.236,-14.648,-3.540
0.101,-0.110,0.771,-33.813,-13.000,-0.183
0.081,-0.104,0.779,-37.415,-11.475,2.625
0.068,-0.105,0.794,-36.072,-11.414,5.371
0.064,-0.108,0.813,-31.555,-14.465,7.935
0.056,-0.127,0.836,-26.123,-19.714,11.230
0.044,-0.134,0.851,-25.574,-26.550,15.015
0.026,-0.130,0.871,-29.785,-33.875,19.043
0.016,-0.143,0.876,-35.522,-39.490,22.522
0.020,-0.152,0.879,-43.396,-42.053,25.696
0.028,-0.160,0.849,-49.805,-41.687,27.893
0.041,-0.168,0.833,-52.612,-40.466,28.687
0.043,-0.173,0.821,-52.063,-38.574,27.588
0.023,-0.187,0.803,-50.720,-34.485,25.879
0.004,-0.178,0.792,-48.950,-30.945,25.818
-0.015,-0.190,0.783,-47.424,-28.320,26.184
-0.030,-0.205,0.767,-44.128,-25.940,27.466
-0.044,-0.234,0.767,-42.847,-24.048,28.809
-0.049,-0.264,0.765,-43.091,-20.996,29.785
-0.057,-0.294,0.780,-44.861,-16.418,28.931
-0.087,-0.309,0.789,-48.218,-10.925,26.489
-0.106,-0.326,0.785,-50.964,-5.249,22.827
-0.116,-0.336,0.778,-51.575,-1.343,19.104
-0.109,-0.358,0.778,-50.354,0.122,15.320
-0.103,-0.397,0.787,-47.852,0.610,8.545
-0.090,-0.424,0.802,-44.556,0.793,-0.854
-0.063,-0.432,0.799,-43.884,0.916,-13.123
-0.025,-0.411,0.778,-48.096,1.526,-27.832
0.028,-0.363,0.728,-54.932,2.625,-44.678
0.020,-0.252,0.619,-59.265,3.479,-63.782
0.030,-0.068,0.501,-58.411,1.465,-84.167
0.117,0.144,0.356,-53.040,-6.958,-103.699
0.326,0.460,0.166,-48.645,-19.897,-121.155
0.609,0.906,-0.055,-46.509,-31.921,-136.475
0.879,1.357,-0.299,-37.415,-42.053,-140.991
1.037,1.677,-0.515,-18.127,-51.514,-126.343
1.064,1.910,-0.704,2.869,-61.340,-96.375
1.052,2.074,-0.990,12.451,-66.650,-60.364
1.107,2.182,-1.380,6.714,-59.875,-29.175
1.139,2.269,-1.753,-0.549,-36.316,-7.690
0.989,2.401,-2.052,6.897,-9.460,10.193
0.846,2.579,-2.286,34.912,7.507,24.841
0.853,2.711,-2.490,85.510,21.545,28.198
0.790,2.538,-2.363,161.011,30.212,29.785
0.805,2.225,-2.073,226.929,32.593,33.081
0.895,1.959,-1.803,251.770,41.809,41.687
0.984,1.852,-1.631,248.657,52.979,65.430
1.118,1.666,-1.539,244.019,63.171,110.657
1.238,1.266,-1.302,246.216,78.186,173.401
1.370,0.612,-0.911,246.460,103.760,243.896
1.357,-0.171,-0.407,233.948,140.686,315.247
1.313,-0.919,0.233,207.581,186.707,375.549
1.390,-1.643,0.931,181.763,232.788,417.236
1.433,-2.318,1.650,166.321,258.606,441.650
1.483,-3.000,2.257,151.978,263.794,449.036
1.465,-3.572,2.716,131.165,257.568,442.200
1.556,-3.868,3.139,109.192,251.343,418.701
1.714,-3.927,3.504,92.651,239.685,380.920
1.890,-3.898,3.781,89.539,209.961,339.172
2.017,-3.769,4.000,91.614,166.687,294.495
2.234,-3.584,4.000,90.576,127.686,250.854
2.428,-3.501,4.000,92.041,86.060,214.539
3.051,-3.546,4.000,89.783,43.823,185.608
2.361,-3.236,4.000,76.782,-3.662,170.776
2.719,-3.277,4.000,68.848,-30.334,164.734
2.305,-3.437,4.000,51.514,-59.265,118.835
2.104,-3.286,3.802,38.696,-82.336,70.374
1.851,-3.136,3.510,50.720,-102.173,33.081
1.636,-2.911,3.262,61.340,-125.488,-8.362
1.496,-2.528,3.029,57.983,-149.597,-38.940
1.242,-2.092,2.839,49.927,-174.194,-57.129
1.080,-1.802,2.473,41.321,-195.496,-70.129
0.886,-1.565,2.021,32.227,-202.820,-84.412
0.706,-1.330,1.591,27.466,-201.172,-98.450
0.577,-1.102,1.184,29.846,-195.557,-111.877
0.480,-0.950,0.903,38.574,-184.998,-124.695
0.406,-0.797,0.709,44.250,-171.204,-137.268
0.403,-0.637,0.531,41.016,-156.372,-148.071
0.463,-0.435,0.354,35.217,-143.555,-153.748
0.574,-0.217,0.217,30.457,-133.728,-150.940
0.669,-0.079,0.089,27.954,-126.770,-139.282
0.784,-0.029,0.024,21.667,-123.596,-120.300
0.797,-0.091,-0.043,6.897,-120.117,-93.750
0.841,-0.211,-0.062,-13.611,-109.497,-67.688
0.737,-0.285,0.010,-39.978,-99.548,-50.049
0.708,-0.329,0.026,-63.293,-91.736,-42.603
0.660,-0.411,-0.018,-75.378,-97.778,-39.063
0.610,-0.509,-0.134,-76.965,-115.784,-36.255
0.600,-0.579,-0.319,-73.975,-134.094,-34.973
0.589,-0.619,-0.545,-72.021,-145.447,-36.743
0.565,-0.674,-0.833,-71.045,-148.315,-41.138
0.569,-0.757,-1.106,-68.054,-143.860,-44.495
0.591,-0.832,-1.340,-61.890,-134.033,-47.791
0.635,-0.957,-1.493,-50.598,-121.765,-50.415
0.714,-1.041,-1.581,-37.170,-105.408,-56.091
0.788,-1.004,-1.627,-31.372,-84.656,-67.749
0.816,-0.917,-1.651,-31.494,-60.974,-80.811
0.810,-0.840,-1.664,-28.870,-39.368,-89.966
0.813,-0.813,-1.672,-23.193,-24.902,-93.201
0.793,-0.833,-1.664,-18.738,-14.832,-91.064
0.738,-0.854,-1.660,-18.188,-5.310,-86.731
0.666,-0.889,-1.675,-20.142,2.319,-84.106
0.552,-0.922,-1.731,-21.301,9.888,-83.984
0.434,-0.941,-1.805,-18.555,19.470,-85.754
0.324,-0.973,-1.827,-10.498,31.372,-90.637
0.202,-1.057,-1.785,0.122,44.678,-99.182
0.060,-1.136,-1.751,8.789,59.570,-112.183
-0.053,-1.147,-1.747,15.564,77.576,-128.601
-0.109,-1.109,-1.717,25.818,98.206,-147.034
-0.055,-1.005,-1.651,41.443,121.155,-166.077
0.067,-0.908,-1.476,58.960,144.165,-179.993
0.209,-0.945,-1.266,72.021,164.673,-181.152
0.384,-0.977,-1.110,68.054,185.303,-172.180
0.639,-0.882,-0.950,41.016,211.121,-163.025
0.806,-0.721,-0.663,3.052,243.408,-157.288
0.819,-0.466,-0.307,-30.579,278.015,-155.762
0.763,-0.109,0.175,-50.415,307.373,-162.354

-0.165,-0.117,0.859,-19.104,-0.488,0.305
-0.136,-0.073,0.863,-19.043,0.000,-0.916
-0.094,-0.009,0.852,-16.541,0.061,-3.052
-0.093,0.022,0.865,-8.667,-1.160,-4.395
-0.087,0.060,0.879,-0.427,-4.333,-3.601
-0.092,0.088,0.881,5.554,-7.751,-1.526
-0.121,0.085,0.888,8.362,-9.216,1.404
-0.167,0.049,0.895,6.836,-7.751,7.019
-0.203,-0.002,0.894,0.793,-4.578,13.184
-0.217,-0.055,0.882,-7.507,-1.831,18.005
-0.222,-0.127,0.865,-15.503,1.221,21.973
-0.221,-0.172,0.828,-22.583,5.493,23.682
-0.199,-0.185,0.796,-26.978,10.437,21.545
-0.169,-0.182,0.788,-26.001,15.686,16.541
-0.142,-0.177,0.805,-19.043,20.447,8.850
-0.128,-0.160,0.832,-9.399,23.743,-0.244
-0.099,-0.134,0.847,1.038,23.560,-11.230
-0.053,-0.095,0.864,11.597,20.386,-23.621
-0.002,-0.025,0.841,19.409,15.503,-36.255
0.017,0.055,0.793,23.621,9.827,-49.377
0.021,0.112,0.755,24.475,3.662,-59.570
0.041,0.155,0.705,19.348,-1.160,-66.589
0.036,0.182,0.639,6.958,-4.639,-71.655
0.045,0.240,0.532,-8.667,-6.287,-75.378
0.046,0.289,0.423,-22.583,-6.226,-80.872
0.057,0.327,0.303,-27.344,-5.249,-88.257
0.094,0.373,0.204,-22.095,-5.310,-96.252
0.161,0.468,0.131,-9.766,-6.653,-103.394
0.225,0.593,0.068,4.150,-10.010,-107.971
0.294,0.690,0.050,17.151,-14.709,-109.985
0.366,0.773,0.035,23.437,-19.409,-108.887
0.468,0.832,-0.004,18.311,-23.560,-102.722
0.571,0.868,-0.035,2.258,-27.588,-94.116
0.627,0.953,-0.115,-18.127,-30.579,-86.121
0.704,1.036,-0.293,-38.696,-34.058,-79.773
0.759,1.186,-0.530,-57.678,-35.339,-75.378
0.805,1.413,-0.790,-71.167,-32.349,-70.313
0.803,1.666,-1.029,-71.716,-27.588,-59.021
0.774,1.906,-1.238,-61.523,-20.630,-39.368
0.744,2.118,-1.430,-37.964,-7.019,-11.841
0.619,1.879,-1.508,10.559,6.653,16.052
0.500,1.480,-1.311,71.411,10.803,29.236
0.435,1.366,-1.106,104.797,16.174,25.818
0.431,1.387,-1.044,108.826,30.212,19.470
0.340,1.451,-1.098,114.014,41.382,24.170
0.314,1.521,-1.112,137.756,51.392,44.739
0.380,1.535,-0.991,178.345,64.270,79.102
0.526,1.247,-0.684,220.947,79.529,127.991
0.662,0.726,-0.219,244.385,103.394,190.491
0.647,0.118,0.307,235.046,140.686,263.000
0.571,-0.596,0.885,199.524,187.988,336.548
0.544,-1.408,1.427,154.114,236.450,396.851
0.465,-2.055,2.000,113.770,280.334,432.434
0.491,-2.628,2.611,90.332,309.448,439.636
0.673,-3.155,3.233,89.111,315.613,418.152
0.960,-3.502,3.834,102.478,297.302,374.695
1.274,-3.705,4.000,117.615,262.695,322.754
1.555,-3.854,4.000,120.605,220.398,276.672
1.784,-3.931,4.000,100.769,173.584,240.356
1.865,-3.836,4.000,63.965,126.587,205.933
1.927,-3.757,4.000,34.973,80.994,168.335
1.902,-3.538,4.000,20.691,33.020,130.920
1.884,-3.251,4.000,13.611,-14.160,92.224
1.832,-2.893,4.000,8.667,-59.875,54.871
1.734,-2.485,4.000,4.700,-101.501,25.208
1.570,-2.091,3.857,1.770,-134.338,5.249
1.514,-1.740,3.439,-0.977,-160.095,-8.179
1.155,-1.353,3.228,-3.113,-198.730,-20.386
1.001,-1.070,2.723,-1.526,-210.754,-27.222
0.775,-0.818,2.259,4.272,-209.045,-32.898
0.552,-0.687,1.942,11.536,-215.088,-39.490
0.409,-0.598,1.576,16.602,-213.562,-48.523
0.332,-0.477,1.185,16.846,-205.017,-61.340
0.322,-0.311,0.830,17.700,-203.674,-74.158
0.394,-0.230,0.455,21.973,-202.515,-82.581
0.437,-0.193,0.087,24.109,-186.768,-89.600
0.438,-0.127,-0.241,21.057,-158.691,-94.604
0.453,-0.034,-0.485,16.968,-126.709,-97.534
0.498,0.047,-0.654,13.794,-97.290,-97.046
0.552,0.099,-0.768,12.695,-73.975,-92.102
0.566,0.104,-0.826,10.986,-55.725,-81.360
0.572,0.083,-0.887,1.831,-38.025,-62.439
0.523,-0.017,-1.002,-15.869,-19.470,-36.682
0.453,-0.205,-1.054,-33.997,-2.075,-11.292
0.395,-0.387,-1.115,-42.664,8.057,3.479
0.344,-0.576,-1.195,-36.011,5.920,8.179
0.359,-0.755,-1.315,-15.869,-4.578,5.249
0.426,-0.935,-1.436,6.653,-19.165,-2.258
0.494,-1.096,-1.499,21.790,-31.982,-10.498
0.621,-1.143,-1.636,31.006,-32.959,-13.916
0.727,-1.126,-1.711,39.490,-34.668,-15.320
0.786,-1.145,-1.690,51.697,-39.734,-10.925
0.807,-1.257,-1.594,64.026,-44.678,-1.587
0.828,-1.260,-1.538,66.833,-44.861,7.385
0.865,-1.158,-1.536,62.622,-43.579,13.062
0.886,-1.084,-1.544,58.228,-45.410,17.822
0.884,-1.050,-1.568,54.321,-47.363,26.917
0.896,-1.169,-1.556,44.800,-44.922,37.292
0.872,-1.387,-1.540,22.583,-33.447,39.368
0.757,-1.477,-1.483,-9.888,-12.329,24.475
0.637,-1.512,-1.447,-38.940,11.658,-4.822
0.562,-1.500,-1.465,-49.866,29.480,-40.955
0.459,-1.497,-1.443,-38.330,42.358,-74.829
0.359,-1.453,-1.301,-15.442,60.547,-105.469
0.314,-1.476,-1.130,3.723,81.238,-132.874
0.261,-1.538,-1.050,11.108,97.168,-149.536
0.302,-1.592,-1.054,4.395,109.558,-154.724
0.280,-1.756,-1.026,-15.808,125.793,-154.846
0.415,-1.757,-0.993,-52.917,146.912,-162.842
0.736,-1.462,-0.979,-94.543,162.842,-180.298
1.037,-1.125,-0.906,-115.784,166.138,-197.571
1.344,-0.665,-0.732,-113.647,162.842,-213.684
1.465,-0.198,-0.234,-97.168,165.283,-227.295
1.498,0.267,0.338,-94.788,180.725,-238.831
1.968,0.944,0.908,-122.803,207.947,-247.803
2.363,1.700,1.547,-157.227,240.356,-250.854
2.639,2.541,2.161,-174.438,259.949,-252.930
2.903,3.354,2.760,-163.757,255.859,-253.601
3.022,3.888,3.367,-137.390,240.967,-244.934

-0.236,-0.007,0.907,-2.258,2.014,8.911
-0.230,-0.000,0.909,-5.493,3.052,8.606
-0.214,0.017,0.897,-8.850,3.967,7.019
-0.190,0.036,0.878,-12.268,4.333,3.906
-0.171,0.060,0.842,-15.930,5.188,0.000
-0.162,0.103,0.791,-16.846,5.188,-5.920
-0.147,0.164,0.728,-12.817,2.808,-13.855
-0.126,0.236,0.646,-6.348,-1.465,-23.926
-0.092,0.293,0.576,-0.244,-6.287,-36.560
-0.046,0.401,0.492,5.066,-11.230,-48.584
-0.013,0.528,0.397,11.108,-18.005,-58.472
-0.000,0.625,0.282,17.822,-25.879,-65.552
-0.010,0.711,0.207,21.301,-33.020,-67.871
-0.025,0.811,0.135,19.226,-36.560,-65.369
-0.007,0.858,0.049,12.695,-33.936,-58.472
0.035,0.846,-0.008,3.357,-25.024,-49.988
0.151,0.835,-0.031,-5.798,-13.184,-43.884
0.308,0.868,-0.077,-7.935,-6.042,-46.143
0.489,0.896,-0.143,1.648,-7.568,-56.274
0.670,0.891,-0.216,16.968,-10.803,-66.406
0.828,0.880,-0.224,26.855,-7.385,-69.031
0.958,0.898,-0.177,28.931,0.366,-65.063
1.071,0.937,-0.175,23.743,5.981,-54.871
1.156,0.986,-0.248,11.780,11.108,-38.879
1.154,1.085,-0.376,-2.014,15.747,-17.639
1.074,1.223,-0.613,-9.766,18.982,7.812
0.926,1.335,-0.888,1.892,21.057,32.837
0.755,1.176,-1.056,45.532,14.832,50.171
0.654,0.953,-1.136,98.999,1.038,53.223
0.580,0.883,-1.203,128.723,-3.418,42.786
0.505,0.972,-1.290,134.521,5.859,31.189
0.501,1.139,-1.479,135.681,24.353,29.053
0.566,1.307,-1.668,148.621,46.204,42.114
0.687,1.319,-1.738,180.969,71.289,72.815
0.842,1.205,-1.570,217.590,104.187,115.784
1.032,0.897,-1.133,240.173,146.790,173.401
1.141,0.379,-0.512,241.882,193.176,246.216
1.083,-0.240,0.255,217.834,244.385,321.655
1.057,-0.968,1.183,182.678,291.931,389.771
1.041,-1.912,2.103,153.381,321.655,444.153
1.005,-2.761,2.967,125.732,338.257,472.412
1.072,-3.364,3.823,99.182,343.445,462.585
1.453,-3.808,4.000,87.708,331.299,420.349
1.868,-4.000,4.000,97.473,293.030,363.281
2.100,-4.000,4.000,112.549,234.741,305.603
2.241,-4.000,4.000,117.310,171.082,253.174
2.286,-4.000,4.000,109.619,110.046,208.252
2.289,-4.000,4.000,90.881,58.594,169.800
3.328,-4.000,4.000,62.012,4.333,134.888
1.925,-3.707,4.000,27.405,-92.896,114.197
2.146,-3.858,4.000,9.460,-128.784,78.979
1.749,-3.541,4.000,-21.729,-175.964,8.972
1.665,-2.993,4.000,-28.137,-218.445,-43.945
1.578,-2.416,3.509,-19.104,-252.197,-80.200
1.390,-1.833,2.901,-16.357,-277.344,-92.407
1.155,-1.358,2.419,-29.480,-293.213,-92.102
0.948,-1.064,1.869,-47.791,-284.058,-89.722
0.740,-0.884,1.247,-63.721,-258.667,-85.815
0.553,-0.720,0.643,-70.496,-234.741,-82.397
0.384,-0.584,0.187,-64.941,-219.788,-86.548
0.290,-0.456,-0.182,-50.049,-203.735,-96.863
0.259,-0.343,-0.429,-33.020,-181.824,-108.398
0.255,-0.213,-0.573,-20.569,-154.297,-118.958
0.321,-0.109,-0.643,-15.015,-123.413,-127.258
0.429,0.010,-0.713,-14.099,-94.482,-131.226
0.609,0.202,-0.705,-12.695,-70.313,-126.282
0.798,0.359,-0.615,-4.761,-58.594,-108.582
0.861,0.343,-0.585,4.211,-58.044,-79.285
0.927,0.184,-0.556,2.502,-61.951,-44.128
0.957,0.047,-0.538,-14.648,-56.213,-8.789
0.998,-0.083,-0.672,-44.373,-40.283,22.400
1.020,-0.184,-0.855,-72.144,-25.024,50.354
0.975,-0.353,-1.005,-84.900,-17.822,73.669
0.811,-0.565,-1.162,-90.515,-14.160,88.501
0.673,-0.733,-1.348,-96.252,-6.653,91.064
0.588,-0.848,-1.491,-95.154,1.648,82.214
0.546,-0.918,-1.548,-79.224,8.057,64.392
0.521,-1.034,-1.492,-49.194,11.841,41.687
0.528,-1.147,-1.412,-17.944,12.085,17.700
0.552,-1.221,-1.406,5.798,7.812,-5.920
0.534,-1.210,-1.456,25.085,-0.122,-26.733
0.495,-1.130,-1.498,44.312,-11.108,-41.626
0.467,-1.066,-1.519,63.477,-22.278,-48.340
0.427,-1.069,-1.549,77.759,-30.273,-46.265
0.372,-1.143,-1.567,84.534,-33.142,-36.377
0.304,-1.304,-1.559,83.984,-28.442,-21.423
0.183,-1.447,-1.505,74.890,-14.282,-6.470
-0.077,-1.590,-1.400,56.946,7.996,3.357
-0.388,-1.866,-1.376,33.264,36.133,5.554
-0.619,-2.200,-1.442,5.066,67.383,-4.333
-0.787,-2.475,-1.525,-25.330,105.469,-31.311
-0.908,-2.699,-1.602,-50.842,149.475,-73.486
-0.890,-2.857,-1.608,-64.636,190.369,-118.713
-0.666,-2.924,-1.668,-69.336,214.966,-164.673
-0.284,-2.751,-1.844,-65.369,219.482,-211.426
0.346,-2.394,-2.088,-48.096,210.937,-249.878
1.105,-1.832,-2.232,-17.456,202.393,-273.132
1.732,-1.187,-2.096,18.677,204.285,-281.616
2.094,-0.771,-1.630,47.058,227.844,-278.870
2.671,-0.199,-0.858,43.335,280.640,-273.071
3.404,0.571,0.181,10.193,344.849,-266.907
4.000,1.504,1.010,-25.024,389.160,-259.033
4.000,2.593,1.850,-34.973,396.362,-254.700
4.000,3.152,3.021,2.747,375.366,-250.061
4.000,3.375,4.000,42.664,354.736,-231.079
4.000,3.270,4.000,38.330,327.881,-188.416
4.000,2.960,4.000,-20.874,292.175,-117.615
3.971,2.654,4.000,-111.572,248.535,-46.509
3.312,2.382,4.000,-180.115,199.768,-4.211
2.602,2.031,4.000,-200.317,138.123,18.372
2.123,1.757,3.976,-192.261,79.346,29.297
1.722,1.429,3.545,-182.007,33.936,35.767
1.318,1.054,3.176,-175.171,2.380,45.959
0.928,0.761,2.774,-172.729,-22.278,53.955
0.653,0.567,2.376,-169.739,-42.969,56.213
0.486,0.451,2.006,-160.217,-59.998,56.458
0.397,0.395,1.729,-142.822,-73.120,56.763
0.339,0.389,1.506,-119.873,-82.825,56.213
0.308,0.403,1.336,-90.881,-91.980,53.040

-0.171,-0.142,0.920,-9.949,-14.771,-3.357
-0.184,-0.130,0.913,-15.564,-12.634,-0.549
-0.193,-0.119,0.902,-21.423,-10.437,1.648
-0.198,-0.105,0.885,-26.672,-7.324,4.272
-0.202,-0.086,0.870,-30.029,-4.333,6.287
-0.202,-0.076,0.859,-30.518,-2.136,7.568
-0.200,-0.075,0.850,-28.931,-0.732,7.935
-0.202,-0.080,0.859,-24.414,-0.061,7.935
-0.197,-0.078,0.871,-19.287,0.366,6.592
-0.195,-0.073,0.884,-14.404,0.305,4.517
-0.188,-0.069,0.888,-10.254,-0.244,2.808
-0.187,-0.065,0.893,-6.531,-1.648,1.892
-0.188,-0.073,0.900,-4.761,-2.747,1.770
-0.189,-0.083,0.906,-4.761,-3.052,1.709
-0.186,-0.085,0.905,-6.836,-2.319,1.587
-0.185,-0.091,0.908,-9.644,-1.282,1.892
-0.177,-0.088,0.899,-13.977,-0.122,2.808
-0.168,-0.072,0.886,-18.738,1.038,3.601
-0.160,-0.047,0.864,-23.560,2.197,4.639
-0.160,-0.019,0.837,-28.015,2.991,6.287
-0.145,0.009,0.812,-33.447,3.601,8.362
-0.125,0.043,0.799,-40.955,5.188,9.705
-0.125,0.067,0.783,-50.232,8.240,7.812
-0.125,0.105,0.737,-57.129,10.498,2.014
-0.139,0.151,0.657,-57.251,8.789,-8.179
-0.154,0.212,0.591,-52.673,4.028,-24.658
-0.152,0.335,0.482,-45.166,-1.709,-43.762
-0.093,0.541,0.351,-31.006,-10.437,-61.707
-0.015,0.726,0.250,-11.780,-23.376,-72.632
0.113,0.872,0.189,-1.404,-34.912,-72.937
0.218,0.995,0.146,-4.822,-39.856,-67.322
0.306,1.101,0.010,-23.499,-35.767,-58.105
0.411,1.172,-0.044,-39.063,-32.043,-47.913
0.430,1.213,-0.087,-47.180,-32.898,-42.236
0.415,1.235,-0.247,-49.255,-37.964,-48.096
0.462,1.312,-0.528,-53.894,-42.053,-63.110
0.514,1.452,-0.890,-59.021,-38.391,-78.247
0.548,1.534,-1.240,-51.819,-27.771,-86.914
0.576,1.702,-1.439,-26.672,-16.602,-88.623
0.612,1.934,-1.578,3.906,-5.676,-80.811
0.700,2.247,-1.755,42.664,7.874,-61.523
0.795,1.970,-1.850,105.835,21.240,-30.640
0.817,1.581,-1.645,169.983,20.691,-5.615
0.863,1.396,-1.360,193.115,23.132,5.066
0.961,1.391,-1.276,172.180,39.429,21.423
1.127,1.414,-1.328,146.790,61.890,55.420
1.189,1.160,-1.322,149.780,76.721,104.309
1.116,0.772,-1.263,165.771,85.632,153.687
0.990,0.376,-1.153,178.833,101.379,197.327
0.991,-0.145,-0.828,194.275,126.465,237.427
1.005,-0.734,-0.310,208.801,154.968,274.902
0.973,-1.178,0.258,207.886,184.021,304.504
1.047,-1.510,0.767,197.815,208.618,321.106
1.193,-1.875,1.202,195.557,216.248,330.383
1.255,-2.280,1.616,196.655,210.266,338.867
1.342,-2.634,2.099,184.692,208.191,347.778
1.443,-2.882,2.601,163.452,216.492,361.206
1.580,-3.114,3.142,144.043,224.243,373.535
1.790,-3.360,3.664,124.756,221.069,377.563
1.947,-3.554,4.000,101.501,204.651,367.432
1.988,-3.605,4.000,74.707,177.856,342.285
1.993,-3.479,4.000,54.749,143.799,302.856
2.024,-3.297,4.000,47.852,103.394,256.836
3.324,-3.316,3.934,51.941,62.805,215.454
1.869,-2.861,4.000,60.608,0.122,197.510
1.879,-2.823,4.000,66.711,-16.541,187.744
1.731,-2.979,4.000,44.739,-25.208,127.441
1.649,-2.766,3.855,36.438,-25.879,92.529
1.545,-2.630,3.684,48.218,-29.907,60.303
1.430,-2.512,3.461,57.556,-42.053,23.010
1.419,-2.326,3.243,56.458,-58.960,-7.996
1.341,-2.097,2.980,52.002,-89.600,-29.846
1.156,-1.939,2.674,48.462,-122.681,-45.349
0.970,-1.810,2.245,37.781,-126.404,-63.049
0.712,-1.617,1.861,20.569,-115.784,-78.735
0.622,-1.376,1.425,4.028,-95.886,-92.896
0.467,-1.053,0.981,-11.292,-74.097,-102.966
0.477,-0.747,0.651,-15.442,-67.261,-113.037
0.472,-0.502,0.469,-14.832,-61.829,-115.356
0.481,-0.333,0.381,-20.752,-51.086,-110.291
0.503,-0.253,0.332,-34.546,-36.499,-102.051
0.505,-0.132,0.143,-54.871,-21.484,-95.032
0.453,-0.167,0.136,-62.622,-23.621,-93.506
0.492,-0.229,0.100,-61.707,-30.579,-98.083
0.489,-0.240,0.143,-56.152,-47.852,-108.276
0.525,-0.274,0.233,-41.931,-74.707,-119.080
0.593,-0.352,0.295,-33.875,-98.572,-126.648
0.641,-0.404,0.310,-38.940,-116.577,-127.930
0.607,-0.433,0.252,-52.979,-125.916,-121.765
0.515,-0.461,0.166,-70.496,-126.404,-110.168
0.403,-0.472,0.006,-87.463,-123.535,-96.436
0.309,-0.497,-0.219,-98.328,-120.850,-86.548
0.236,-0.510,-0.433,-96.191,-115.967,-82.275
0.228,-0.499,-0.583,-83.801,-107.605,-81.848
0.291,-0.455,-0.653,-66.711,-97.229,-82.642
0.426,-0.386,-0.699,-52.612,-85.938,-80.566
0.599,-0.320,-0.735,-46.570,-75.317,-71.594
0.756,-0.242,-0.798,-49.438,-67.871,-54.138
0.864,-0.196,-0.905,-58.105,-62.317,-30.640
0.921,-0.161,-1.027,-70.557,-57.861,-5.981
0.928,-0.156,-1.113,-81.055,-54.749,16.968
0.864,-0.208,-1.162,-81.543,-56.274,34.912
0.773,-0.368,-1.229,-67.993,-64.148,43.762
0.606,-0.578,-1.297,-42.419,-72.937,42.908
0.350,-0.734,-1.298,-12.329,-76.172,33.203
0.094,-0.866,-1.228,15.564,-70.190,17.334
-0.107,-1.006,-1.087,39.978,-59.204,1.587
-0.283,-1.151,-1.013,55.237,-51.697,-6.897
-0.316,-1.336,-1.012,62.317,-51.453,-7.324
-0.267,-1.468,-1.112,63.049,-54.993,-2.441
-0.195,-1.520,-1.264,62.439,-60.425,-0.732
-0.088,-1.445,-1.507,67.505,-64.880,-1.343
0.025,-1.342,-1.660,88.745,-67.322,2.502
0.030,-1.513,-1.652,124.146,-71.716,18.494
0.087,-1.889,-1.579,143.066,-66.956,39.368
0.025,-2.108,-1.557,118.958,-41.687,50.354
0.042,-2.248,-1.616,64.148,2.319,47.485
0.029,-2.506,-1.743,13.184,51.270,38.818
0.013,-2.767,-1.989,-19.043,89.600,22.522