aX,aY,aZ,gX,gY,gZ
-0.050,-0.182,0.856,3.601,-3.418,0.000
-0.049,-0.171,0.816,0.610,-1.709,3.052
-0.045,-0.150,0.765,-2.441,1.648,8.118
-0.033,-0.141,0.712,-5.493,8.240,15.381
-0.030,-0.167,0.673,-9.949,16.357,23.926
-0.011,-0.227,0.651,-15.259,24.475,33.142
0.004,-0.298,0.623,-18.921,31.921,42.847
0.003,-0.373,0.622,-20.630,38.391,52.124
0.013,-0.480,0.634,-20.630,43.274,60.120
0.028,-0.596,0.642,-20.081,47.241,66.101
0.045,-0.712,0.639,-20.935,51.392,69.519
0.068,-0.814,0.634,-23.987,56.335,68.665
0.116,-0.902,0.626,-26.367,60.425,63.477
0.205,-0.975,0.592,-25.085,62.073,55.542
0.317,-1.000,0.541,-20.386,58.960,46.265
0.463,-0.990,0.456,-13.000,50.781,37.476
0.641,-0.949,0.336,-2.991,36.560,30.823
0.810,-0.918,0.210,10.254,16.724,25.024
0.927,-0.930,0.095,26.550,-3.662,15.503
0.970,-0.911,-0.038,36.072,-20.996,2.441
0.981,-0.786,-0.230,32.104,-33.630,-7.141
0.964,-0.610,-0.439,19.470,-41.992,-11.353
0.896,-0.487,-0.721,4.211,-44.922,-9.033
0.768,-0.384,-0.962,-7.690,-44.556,-0.916
0.632,-0.368,-1.206,-17.029,-38.879,9.216
0.428,-0.443,-1.385,-24.719,-24.231,15.625
0.218,-0.501,-1.597,-23.376,-0.793,13.611
0.123,-0.451,-1.716,-5.615,24.231,0.183
0.085,-0.355,-1.625,42.175,43.274,-22.095
0.238,-0.251,-1.307,116.028,60.242,-51.025
0.497,-0.079,-0.766,186.523,78.247,-75.928
0.678,0.150,-0.094,231.689,92.773,-82.825
0.894,0.309,0.614,247.742,108.398,-67.017
0.894,0.274,1.307,227.356,128.113,-38.208
0.726,0.187,1.907,162.842,153.381,-13.977
0.600,0.082,2.244,86.182,186.951,2.991
0.553,-0.003,2.459,27.954,214.050,10.559
0.538,-0.043,2.735,2.197,227.661,7.446
0.611,-0.101,3.090,-0.549,228.516,-0.732
0.645,-0.219,3.469,9.521,208.862,-7.141
0.796,-0.357,3.735,16.052,188.232,-7.935
0.931,-0.701,3.992,6.958,173.462,-12.390
0.576,-0.817,4.000,-22.095,118.347,-17.334
0.463,-1.047,4.000,-37.415,74.585,-8.667
0.371,-1.353,4.000,-31.250,63.354,-9.766
0.266,-1.544,4.000,-19.958,51.941,-21.545
0.298,-1.647,4.000,-8.911,40.039,-36.377
0.414,-1.778,3.895,-1.465,24.231,-46.204
0.389,-1.795,3.673,-5.188,7.568,-49.927
0.415,-1.808,3.401,-23.865,-8.606,-57.434
0.386,-1.792,3.115,-50.476,-20.935,-65.308
0.335,-1.769,2.773,-76.416,-28.320,-75.684
0.329,-1.586,2.459,-98.328,-33.936,-87.524
0.305,-1.418,2.086,-102.539,-42.908,-95.093
0.304,-1.265,1.767,-96.558,-54.260,-97.046
0.198,-1.223,1.508,-86.975,-63.965,-95.947
0.141,-1.141,1.315,-78.979,-60.364,-91.858
0.142,-1.207,1.095,-69.336,-44.250,-88.196
0.164,-1.167,1.011,-65.247,-19.104,-84.167
0.224,-1.226,1.025,-68.054,9.705,-84.290
0.371,-1.151,1.080,-86.609,40.955,-88.989
0.559,-0.972,1.149,-107.910,67.261,-94.910
0.679,-0.829,1.147,-119.202,80.566,-98.999
0.661,-0.755,1.117,-118.042,78.796,-102.356
0.651,-0.728,1.107,-111.877,61.401,-102.295
0.692,-0.726,1.087,-105.042,39.307,-99.121
0.586,-0.602,0.935,-101.318,23.254,-94.421
0.547,-0.567,0.741,-102.722,13.916,-90.454
0.473,-0.474,0.422,-108.459,16.479,-78.735
0.236,-0.255,0.141,-117.737,28.015,-67.993
0.293,-0.178,-0.079,-129.456,39.124,-66.895
0.574,-0.227,-0.220,-135.925,45.837,-68.115
0.818,-0.184,-0.122,-131.470,39.185,-68.604
0.997,-0.109,0.162,-135.132,13.550,-85.388
0.887,-0.037,0.244,-150.146,-13.367,-103.943
0.760,0.105,-0.016,-169.617,-38.147,-110.901
0.689,0.204,-0.504,-187.378,-59.570,-110.413
0.609,0.380,-1.125,-192.200,-83.557,-113.586
0.654,0.751,-1.525,-172.607,-112.183,-132.874
0.737,1.263,-1.607,-131.348,-131.409,-163.757
0.840,1.601,-1.444,-82.397,-134.216,-188.782
0.991,1.795,-1.133,-43.396,-124.512,-193.359
0.980,1.971,-0.778,-27.344,-106.873,-172.302
0.839,2.120,-0.424,-28.198,-84.473,-129.211
0.595,2.137,-0.099,-35.706,-57.190,-72.632
0.191,1.946,0.102,-51.514,-23.132,-12.695
-0.211,1.671,0.168,-80.322,15.137,42.297
-0.545,1.414,0.132,-117.249,61.523,83.313
-0.651,1.191,-0.041,-148.132,101.013,104.187
-0.511,0.938,-0.048,-144.409,85.876,108.398
-0.548,0.650,0.160,-98.694,15.991,108.521
-0.479,0.381,0.342,-39.734,-44.128,99.976
-0.361,0.119,0.459,5.371,-70.496,79.407
-0.252,-0.080,0.570,32.410,-71.960,55.420
-0.173,-0.214,0.712,41.992,-56.580,35.889
-0.063,-0.278,0.784,37.537,-27.649,22.278
0.048,-0.236,0.788,27.893,5.371,11.169
0.089,-0.163,0.798,23.010,29.297,0.671
0.063,-0.106,0.835,23.254,39.551,-6.714
0.068,0.002,0.880,23.499,41.138,-9.399
0.089,0.123,0.885,20.752,40.039,-8.057
0.116,0.217,0.855,17.029,38.452,-4.395
0.159,0.236,0.831,13.794,36.682,1.160
0.217,0.189,0.884,8.850,35.339,9.277
0.281,0.141,0.997,1.892,35.461,17.151
0.285,0.088,1.091,-3.845,35.095,24.475
0.290,0.058,1.148,-4.089,29.907,30.640
0.237,0.025,1.156,-1.465,21.484,31.128
0.241,-0.017,1.113,-0.244,13.672,26.062
0.208,-0.037,1.023,-1.465,9.033,19.592
0.154,-0.031,0.947,-2.014,5.554,12.512
0.124,-0.016,0.903,-0.793,1.892,4.089
0.119,0.018,0.885,1.709,-1.648,-3.357
0.141,0.050,0.885,5.798,-5.432,-10.498
0.180,0.060,0.900,12.695,-8.789,-17.273
0.213,0.086,0.934,19.958,-11.353,-22.766
0.258,0.106,0.983,26.062,-11.963,-25.452
0.304,0.122,1.039,28.687,-10.376,-24.353
0.344,0.132,1.080,26.978,-9.033,-21.484

0.010,-0.370,0.908,14.038,-18.738,-18.860
0.044,-0.346,0.849,11.597,-22.095,-17.822
0.072,-0.328,0.799,10.437,-24.963,-15.747
0.093,-0.324,0.743,7.935,-26.184,-12.634
0.126,-0.331,0.680,2.808,-24.475,-7.935
0.152,-0.339,0.596,-4.456,-19.836,-2.502
0.170,-0.344,0.502,-12.695,-15.198,2.930
0.208,-0.386,0.373,-20.020,-13.428,10.376
0.238,-0.455,0.216,-25.940,-15.015,19.409
0.231,-0.530,0.063,-30.457,-18.921,27.954
0.218,-0.629,-0.097,-33.386,-23.682,35.339
0.188,-0.725,-0.268,-31.494,-29.297,42.175
0.113,-0.820,-0.423,-25.024,-35.339,46.509
0.048,-0.920,-0.561,-12.878,-42.480,45.349
0.005,-1.009,-0.683,6.104,-51.147,38.879
-0.009,-1.062,-0.753,31.738,-60.181,29.724
0.048,-1.130,-0.777,58.655,-67.749,19.592
0.129,-1.189,-0.770,80.078,-72.449,12.085
0.230,-1.204,-0.712,91.980,-72.144,8.423
0.307,-1.198,-0.693,92.957,-65.979,7.935
0.346,-1.149,-0.673,86.304,-57.617,10.376
0.333,-1.109,-0.624,76.721,-45.288,15.320
0.389,-1.028,-0.573,65.247,-30.029,20.996
0.378,-0.932,-0.514,57.617,-12.878,26.917
0.301,-0.860,-0.402,53.406,3.540,31.006
0.183,-0.785,-0.299,47.363,21.179,30.884
0.047,-0.663,-0.193,40.466,38.513,25.757
-0.060,-0.512,-0.051,38.513,56.030,16.479
-0.048,-0.316,0.134,41.138,76.843,2.502
0.064,-0.166,0.391,47.729,97.534,-9.155
0.242,-0.040,0.669,50.232,117.615,-15.381
0.397,0.061,0.983,44.250,139.893,-13.123
0.496,0.110,1.302,29.968,163.940,-3.845
0.541,0.204,1.553,10.132,182.678,5.615
0.583,0.295,1.778,-7.751,194.641,12.817
0.592,0.299,2.045,-17.090,203.552,19.287
0.762,0.275,2.314,-21.973,207.581,23.437
0.695,0.180,2.607,-27.954,203.186,24.170
0.636,0.097,2.822,-29.785,198.914,23.987
0.975,-0.096,2.990,-32.898,205.322,22.583
0.856,-0.077,3.257,-50.232,157.837,3.601
0.798,-0.065,3.304,-56.274,119.568,2.563
0.888,-0.100,3.179,-57.434,118.103,7.812
0.878,-0.100,3.094,-65.857,115.112,8.911
0.848,-0.047,3.023,-73.669,105.652,10.742
0.980,-0.045,2.937,-73.730,98.755,14.343
0.931,-0.070,2.953,-68.298,74.158,15.930
0.857,-0.105,2.963,-63.293,41.931,12.695
0.838,-0.107,2.888,-60.913,19.958,4.578
0.853,-0.081,2.764,-58.350,2.258,-6.531
0.769,-0.054,2.648,-53.711,-25.269,-13.794
0.714,-0.092,2.494,-49.255,-54.138,-14.709
0.659,-0.121,2.284,-50.720,-74.158,-12.573
0.554,-0.125,2.063,-55.786,-82.153,-10.071
0.453,-0.148,1.869,-57.678,-82.703,-7.446
0.357,-0.200,1.705,-56.335,-81.726,-4.456
0.279,-0.257,1.576,-53.467,-79.956,-0.854
0.208,-0.295,1.472,-48.340,-78.735,0.854
0.146,-0.330,1.406,-41.260,-77.148,1.648
0.114,-0.392,1.370,-32.837,-79.407,1.038
0.103,-0.392,1.332,-23.621,-81.726,-6.958
0.092,-0.360,1.296,-12.878,-88.806,-14.038
0.105,-0.354,1.256,-2.197,-97.290,-16.113
0.143,-0.363,1.226,2.808,-102.356,-14.832
0.137,-0.361,1.223,1.282,-97.473,-12.939
0.100,-0.388,1.237,-3.174,-85.327,-9.644
0.057,-0.442,1.267,-8.484,-72.388,-4.028
0.015,-0.476,1.225,-14.893,-64.270,2.319
-0.105,-0.498,1.140,-24.292,-61.340,7.080
-0.183,-0.526,1.062,-29.724,-55.786,9.338
-0.231,-0.553,1.009,-29.297,-42.175,10.010
-0.282,-0.528,1.006,-24.475,-21.912,10.071
-0.271,-0.505,1.045,-15.991,-2.075,12.024
-0.207,-0.536,1.128,-4.883,13.367,16.296
-0.139,-0.568,1.252,4.395,24.475,23.071
0.023,-0.553,1.392,11.353,30.029,31.860
0.149,-0.682,1.555,20.386,23.071,43.152
0.196,-0.974,1.660,23.132,3.723,49.927
0.233,-1.251,1.713,2.441,-13.977,43.518
0.125,-1.370,1.666,-34.241,-16.052,30.396
0.043,-1.160,1.515,-71.228,-8.118,12.939
-0.058,-1.022,1.289,-88.318,-3.357,-11.475
-0.024,-0.907,1.090,-72.571,-17.029,-43.823
0.108,-0.649,0.908,-43.396,-41.565,-81.726
0.277,-0.293,0.792,-13.672,-61.157,-114.563
0.409,0.031,0.679,5.981,-74.280,-129.883
0.518,0.263,0.563,6.226,-81.116,-121.460
0.615,0.438,0.427,-13.916,-79.224,-88.379
0.581,0.466,0.310,-47.485,-60.547,-36.255
0.478,0.335,0.285,-83.557,-27.832,15.320
0.385,0.153,0.395,-114.075,2.930,52.307
0.403,-0.051,0.579,-132.324,25.085,72.510
0.398,-0.188,0.806,-137.085,31.616,68.909
0.351,-0.220,0.793,-142.517,16.296,33.569
0.305,-0.065,0.520,-142.761,-15.991,-14.038
0.361,0.198,0.088,-122.803,-51.941,-61.340
0.393,0.500,-0.321,-80.688,-83.191,-102.234
0.464,0.800,-0.633,-29.785,-105.591,-133.484
0.485,1.063,-0.764,11.475,-113.037,-151.184
0.480,1.323,-0.710,30.823,-100.708,-151.367
0.415,1.474,-0.486,28.931,-75.195,-133.484
0.314,1.520,-0.228,10.193,-47.424,-102.966
0.172,1.531,-0.060,-17.456,-23.926,-70.679
0.041,1.471,0.000,-42.969,-6.104,-45.593
-0.076,1.363,-0.001,-54.993,5.188,-29.419
-0.188,1.221,0.004,-50.964,9.705,-19.958
-0.292,1.020,0.081,-35.522,9.277,-17.212
-0.351,0.822,0.176,-14.648,8.423,-19.531
-0.384,0.592,0.296,6.775,4.944,-25.635
-0.388,0.371,0.413,25.513,-0.061,-32.288
-0.333,0.164,0.495,39.978,-7.080,-36.804
-0.270,0.018,0.574,50.964,-15.015,-39.551
-0.175,-0.065,0.681,59.753,-20.386,-42.236
-0.070,-0.129,0.796,66.956,-23.560,-42.969
0.018,-0.090,0.904,68.054,-24.536,-41.260
0.104,-0.040,0.958,63.354,-23.376,-37.903
0.106,0.008,1.002,53.955,-22.766,-30.762
0.083,0.034,0.999,38.452,-21.057,-20.691
0.055,0.019,0.945,19.653,-15.869,-10.498

0.113,-0.275,0.651,15.564,-14.709,25.452
0.156,-0.347,0.665,25.696,-17.273,23.132
0.211,-0.419,0.668,34.302,-21.606,20.447
0.260,-0.453,0.654,40.527,-27.893,18.311
0.316,-0.463,0.608,44.189,-35.034,17.395
0.347,-0.465,0.553,45.227,-42.358,17.151
0.380,-0.441,0.494,43.274,-50.293,17.273
0.413,-0.371,0.404,41.626,-57.617,20.325
0.455,-0.376,0.307,43.945,-66.711,26.367
0.485,-0.422,0.207,47.913,-76.233,34.058
0.496,-0.474,0.131,48.523,-81.787,42.542
0.478,-0.577,0.067,45.776,-82.397,50.537
0.453,-0.740,0.013,41.260,-79.102,56.946
0.375,-0.876,-0.036,35.217,-72.571,61.279
0.266,-0.984,-0.086,30.334,-65.002,62.805
0.146,-1.082,-0.142,29.846,-59.021,59.326
0.034,-1.161,-0.195,33.325,-53.162,52.246
-0.058,-1.185,-0.223,40.771,-47.791,42.419
-0.096,-1.177,-0.216,50.964,-41.504,31.433
-0.090,-1.200,-0.177,59.631,-32.593,22.034
-0.088,-1.215,-0.128,60.791,-21.790,16.663
-0.081,-1.189,-0.091,53.589,-9.583,13.245
-0.089,-1.103,-0.136,40.833,2.075,11.047
-0.092,-1.023,-0.151,29.724,11.658,9.155
-0.159,-0.917,-0.189,21.118,19.653,5.981
-0.226,-0.815,-0.270,15.259,25.757,0.610
-0.262,-0.721,-0.353,11.536,31.555,-7.629
-0.294,-0.576,-0.411,9.216,39.917,-18.005
-0.287,-0.420,-0.438,8.301,51.086,-28.076
-0.276,-0.325,-0.396,8.484,66.345,-36.072
-0.275,-0.231,-0.246,7.080,86.426,-41.016
-0.237,-0.068,-0.003,4.150,111.389,-44.250
-0.151,0.018,0.359,2.502,138.306,-43.884
-0.043,-0.010,0.726,-0.549,164.246,-38.574
0.130,-0.005,1.077,-9.338,189.331,-31.799
0.293,0.050,1.446,-20.081,211.426,-26.184
0.524,0.073,1.813,-28.442,226.318,-23.376
0.841,0.092,2.145,-32.471,231.812,-22.644
0.990,0.169,2.401,-38.818,223.328,-25.574
1.224,0.237,2.681,-44.983,213.318,-31.128
1.447,0.226,2.724,-47.607,203.552,-34.058
1.326,0.265,3.076,-60.181,138.611,-42.786
1.332,0.334,3.149,-67.261,120.789,-38.391
1.387,0.346,3.006,-69.580,128.967,-32.715
1.223,0.293,3.238,-71.960,94.849,-33.691
1.263,0.210,3.180,-67.810,91.125,-32.959
1.273,0.138,3.078,-62.317,85.693,-28.687
1.209,0.068,3.031,-59.814,56.396,-24.170
1.118,-0.026,2.971,-56.213,28.137,-21.851
1.047,-0.097,2.886,-50.720,6.531,-19.287
0.947,-0.174,2.798,-44.373,-19.775,-14.343
0.854,-0.261,2.648,-42.053,-46.570,-12.390
0.731,-0.305,2.485,-43.396,-69.519,-15.015
0.600,-0.345,2.336,-41.931,-89.355,-16.418
0.512,-0.433,2.174,-36.194,-104.492,-13.977
0.437,-0.475,1.995,-30.029,-112.976,-10.254
0.353,-0.504,1.834,-25.818,-114.990,-8.362
0.362,-0.544,1.701,-23.682,-108.459,-5.737
0.289,-0.566,1.586,-27.344,-99.731,-2.380
0.149,-0.637,1.510,-38.574,-85.754,-1.831
0.030,-0.701,1.490,-52.673,-68.298,-1.648
-0.015,-0.811,1.526,-59.570,-50.415,-1.831
-0.034,-0.943,1.580,-53.101,-38.818,-8.240
-0.075,-1.033,1.633,-34.424,-40.161,-23.193
-0.104,-1.205,1.692,-5.493,-52.979,-42.969
-0.159,-1.335,1.763,25.757,-72.876,-69.031
-0.219,-1.304,1.796,49.683,-94.604,-97.961
-0.232,-1.263,1.737,62.439,-112.610,-123.596
-0.249,-1.185,1.656,68.359,-124.390,-142.517
-0.245,-1.108,1.535,73.303,-130.066,-152.405
-0.164,-1.084,1.399,79.956,-130.371,-151.978
-0.071,-1.075,1.303,83.679,-129.211,-141.235
-0.046,-1.087,1.234,78.552,-125.488,-123.840
0.019,-1.202,1.324,59.448,-110.596,-105.957
0.156,-1.425,1.386,13.977,-78.247,-91.492
0.182,-1.360,1.299,-51.941,-37.903,-87.769
0.282,-1.027,0.984,-116.333,-0.305,-103.760
0.200,-0.635,0.463,-143.005,22.522,-123.413
0.087,-0.338,0.033,-115.112,9.399,-136.841
0.251,-0.131,-0.213,-54.138,-36.743,-141.296
0.517,0.160,-0.404,10.437,-84.351,-132.629
0.710,0.405,-0.551,44.006,-106.445,-117.126
0.818,0.526,-0.622,30.884,-97.473,-99.548
0.779,0.525,-0.599,-4.578,-74.219,-79.712
0.836,0.628,-0.290,-44.739,-25.452,-52.490
0.940,0.656,0.053,-92.651,26.245,-30.945
0.901,0.668,0.172,-136.536,66.101,-21.667
0.777,0.832,0.036,-151.184,73.486,-31.067
0.805,1.087,-0.164,-129.883,51.270,-61.462
0.856,1.400,-0.178,-83.984,24.353,-96.619
0.880,1.611,-0.039,-42.664,8.850,-115.417
0.769,1.675,0.039,-30.945,13.428,-104.797
0.550,1.612,0.133,-45.715,31.616,-75.012
0.325,1.462,0.112,-70.068,68.176,-37.903
0.151,1.293,0.060,-88.196,113.831,-3.479
0.005,1.147,0.051,-99.854,151.428,20.996
0.040,0.992,0.203,-113.708,174.683,31.677
-0.049,0.777,0.397,-115.479,160.461,29.846
-0.105,0.555,0.509,-96.252,106.995,20.081
-0.130,0.384,0.551,-61.340,33.752,4.578
-0.112,0.314,0.529,-29.297,-27.893,-10.010
-0.086,0.251,0.442,-7.324,-64.331,-21.057
-0.026,0.141,0.347,7.935,-73.792,-26.184
-0.116,0.117,0.380,16.602,-61.035,-22.400
-0.246,0.148,0.434,10.315,-31.982,-15.076
-0.358,0.136,0.478,-7.324,3.296,-7.874
-0.376,0.171,0.499,-28.137,40.466,1.099
-0.280,0.230,0.509,-46.204,77.393,13.733
-0.099,0.188,0.600,-57.434,104.553,29.419
0.053,0.106,0.792,-62.500,123.108,43.335
0.120,0.077,0.931,-60.547,134.399,45.654
0.192,0.020,0.995,-51.880,133.606,34.546
0.200,0.036,1.045,-37.720,114.441,19.836
0.208,0.108,1.089,-18.921,80.811,11.963
0.243,0.157,1.062,0.244,41.687,10.925
0.265,0.139,0.997,13.855,9.949,13.855
0.231,0.084,0.980,20.508,-10.986,18.799
0.175,0.022,0.975,22.217,-26.672,24.170
0.171,0.003,0.943,23.315,-37.659,26.855

0.250,-0.478,0.810,-6.104,-10.742,6.836
0.286,-0.495,0.773,-7.690,-11.963,8.728
0.321,-0.518,0.733,-8.240,-14.099,10.681
0.365,-0.561,0.683,-8.545,-16.785,12.695
0.402,-0.609,0.619,-8.850,-20.508,14.099
0.422,-0.650,0.563,-10.071,-24.414,14.648
0.422,-0.667,0.505,-12.634,-28.625,13.245
0.417,-0.668,0.453,-14.038,-33.875,10.559
0.430,-0.665,0.392,-12.451,-39.551,8.240
0.453,-0.687,0.323,-8.057,-44.312,7.629
0.454,-0.700,0.254,-4.395,-48.401,8.606
0.442,-0.702,0.183,-1.465,-51.086,10.620
0.426,-0.707,0.091,1.099,-52.979,12.573
0.403,-0.719,0.001,4.822,-54.565,14.709
0.386,-0.747,-0.081,11.902,-55.603,16.541
0.380,-0.755,-0.145,22.827,-54.443,18.188
0.375,-0.766,-0.182,35.339,-51.331,19.897
0.379,-0.786,-0.227,45.471,-46.387,19.592
0.407,-0.794,-0.269,49.316,-38.635,17.273
0.356,-0.802,-0.300,46.997,-28.442,16.479
0.297,-0.814,-0.326,41.321,-16.174,16.357
0.258,-0.819,-0.310,38.757,-3.418,17.700
0.169,-0.826,-0.313,36.133,8.972,17.761
0.116,-0.830,-0.329,35.583,23.315,12.207
0.035,-0.800,-0.294,36.926,36.499,4.089
-0.006,-0.761,-0.238,38.879,53.223,-5.249
-0.002,-0.703,-0.139,41.016,69.336,-15.137
0.028,-0.630,0.008,43.030,82.153,-21.423
0.058,-0.562,0.151,42.542,93.567,-24.780
0.089,-0.429,0.284,37.354,102.478,-28.198
0.114,-0.212,0.430,30.762,108.704,-30.823
0.110,-0.049,0.615,27.466,112.305,-31.616
0.083,0.093,0.857,26.184,117.981,-29.602
0.062,0.215,1.169,21.057,130.188,-28.015
0.117,0.302,1.494,10.925,145.203,-27.344
0.222,0.422,1.778,1.831,157.715,-25.330
0.465,0.580,2.072,-0.854,164.917,-22.095
0.553,0.631,2.393,0.671,161.926,-16.418
0.480,0.616,2.699,-3.723,152.161,-9.094
0.739,0.614,2.694,-16.785,158.447,-0.488
0.636,0.650,2.961,-41.382,118.469,-2.014
0.540,0.685,3.011,-55.359,93.384,-0.244
0.613,0.589,2.892,-54.565,94.299,2.563
0.694,0.563,2.737,-53.223,91.187,4.333
0.778,0.628,2.634,-54.077,69.275,5.371
0.889,0.580,2.544,-44.739,45.776,9.766
0.962,0.376,2.502,-27.649,20.691,17.456
0.952,0.275,2.499,-12.817,-7.202,22.888
0.842,0.099,2.529,-2.197,-32.959,22.034
0.770,-0.083,2.645,7.568,-46.875,25.024
0.704,-0.320,2.721,13.672,-54.321,28.320
0.665,-0.558,2.649,12.024,-53.772,21.667
0.548,-0.734,2.606,5.188,-61.157,18.799
0.410,-0.895,2.537,-3.662,-73.792,21.057
0.299,-1.056,2.411,-13.672,-79.834,24.170
0.159,-1.200,2.264,-24.292,-82.275,23.315
0.042,-1.293,2.064,-33.813,-86.487,15.198
-0.041,-1.349,1.871,-32.776,-95.581,3.845
-0.124,-1.351,1.715,-21.729,-105.042,-6.836
-0.224,-1.362,1.626,-7.507,-109.436,-18.005
-0.344,-1.372,1.599,5.371,-109.253,-29.724
-0.439,-1.398,1.559,16.541,-108.093,-42.969
-0.499,-1.439,1.500,26.978,-107.605,-56.396
-0.523,-1.466,1.529,36.499,-102.844,-69.641
-0.491,-1.454,1.605,39.185,-91.675,-81.848
-0.395,-1.459,1.661,31.738,-75.012,-89.233
-0.250,-1.463,1.718,14.832,-54.077,-89.417
-0.127,-1.464,1.716,-10.132,-28.198,-87.524
0.010,-1.423,1.684,-35.522,-4.517,-85.999
0.106,-1.365,1.630,-58.350,12.390,-89.783
0.149,-1.272,1.494,-75.623,20.325,-102.295
0.129,-1.278,1.317,-87.219,19.226,-117.798
0.118,-1.314,1.106,-106.689,15.991,-131.958
0.043,-1.250,0.843,-136.108,13.062,-139.099
0.007,-0.825,0.444,-161.072,12.695,-137.146
-0.009,-0.585,0.080,-146.423,9.583,-129.944
0.120,-0.270,-0.180,-94.238,5.554,-120.667
0.388,0.075,-0.345,-37.964,7.996,-105.225
0.669,0.256,-0.380,10.742,12.146,-76.721
0.918,0.334,-0.345,38.635,20.203,-30.579
1.165,0.412,-0.303,35.461,26.184,19.836
1.449,0.616,-0.240,11.108,22.156,53.650
1.610,0.820,-0.031,-29.602,18.311,59.753
1.498,0.807,0.168,-81.604,31.006,40.039
1.181,0.762,0.161,-137.756,53.101,0.854
0.879,0.842,-0.014,-180.298,52.124,-39.673
0.578,0.993,-0.229,-192.017,25.513,-76.599
0.396,1.083,-0.466,-175.476,-4.333,-105.347
0.330,1.161,-0.536,-141.113,-20.935,-119.751
0.376,1.259,-0.448,-109.741,-21.240,-123.474
0.411,1.377,-0.323,-90.210,-11.902,-121.338
0.450,1.423,-0.190,-76.294,-3.662,-111.145
0.422,1.410,-0.051,-59.692,-0.916,-95.459
0.339,1.345,0.092,-42.969,-2.136,-80.872
0.272,1.073,0.245,-32.227,-3.052,-65.613
0.118,0.775,0.391,-31.311,-0.305,-42.236
-0.058,0.555,0.408,-39.978,10.132,-17.822
-0.142,0.361,0.323,-49.438,24.353,-2.319
-0.184,0.215,0.276,-49.377,34.180,1.831
-0.154,0.157,0.305,-40.344,40.466,-2.808
-0.067,0.127,0.378,-27.283,39.246,-11.292
0.002,0.116,0.506,-13.428,25.574,-18.555
0.056,0.103,0.646,-1.892,2.136,-22.461
0.087,0.091,0.773,6.653,-22.461,-23.254
0.125,0.072,0.793,11.719,-42.725,-21.240
0.168,0.073,0.849,15.076,-60.974,-17.639
0.201,0.098,0.917,19.714,-76.904,-13.672
0.203,0.105,0.920,27.466,-88.440,-11.108
0.196,0.068,0.933,38.025,-97.229,-10.437
0.184,0.133,0.878,44.800,-99.548,-9.583
0.187,0.208,0.863,47.241,-95.032,-12.207
0.135,0.281,0.807,43.457,-86.609,-17.822
0.036,0.267,0.838,36.255,-78.308,-20.081
-0.043,0.277,0.866,32.043,-69.092,-18.311
-0.031,0.291,0.882,27.466,-53.284,-13.977
-0.004,0.305,0.853,24.414,-37.842,-10.498
0.035,0.289,0.909,26.611,-27.039,-9.949
0.048,0.230,0.988,29.968,-19.836,-9.827
0.052,0.159,1.075,31.311,-16.479,-8.484

0.027,-0.266,0.781,-5.127,4.272,10.559
0.081,-0.314,0.751,-4.272,4.822,14.099
0.134,-0.369,0.712,-4.089,5.371,18.616
0.183,-0.416,0.661,-3.906,4.395,24.109
0.253,-0.463,0.595,-2.808,1.221,29.724
0.335,-0.492,0.512,-0.244,-5.249,36.499
0.434,-0.522,0.420,3.784,-14.587,47.913
0.513,-0.570,0.290,6.226,-25.085,65.369
0.520,-0.706,0.126,5.371,-35.767,88.867
0.448,-0.911,-0.027,2.808,-43.640,112.488
0.334,-1.086,-0.132,-0.122,-46.753,129.395
0.212,-1.321,-0.174,-2.563,-45.715,136.230
-0.003,-1.501,-0.221,-4.272,-45.654,128.662
-0.104,-1.531,-0.209,-5.310,-42.542,106.384
-0.064,-1.424,-0.310,-2.319,-42.175,74.951
0.015,-1.299,-0.457,8.240,-51.331,46.875
0.107,-1.203,-0.569,26.917,-64.026,27.039
0.158,-1.151,-0.588,46.692,-71.045,12.695
0.200,-1.024,-0.656,59.937,-72.205,3.540
0.200,-0.991,-0.681,65.613,-69.336,-0.671
0.133,-0.911,-0.671,59.326,-52.368,-3.357
0.053,-0.733,-0.704,43.884,-26.672,-5.981
-0.005,-0.489,-0.771,27.466,-0.183,-7.141
-0.067,-0.318,-0.792,19.714,26.489,-6.104
-0.167,-0.280,-0.710,24.048,52.246,-5.615
-0.225,-0.302,-0.526,35.339,79.712,-7.690
-0.242,-0.346,-0.271,46.936,105.835,-14.893
-0.172,-0.353,-0.022,54.932,128.906,-26.794
-0.079,-0.323,0.240,61.462,149.597,-39.795
0.013,-0.275,0.515,66.284,166.626,-51.086
0.119,-0.156,0.835,67.932,179.871,-59.509
0.264,-0.037,1.262,69.031,191.650,-62.134
0.448,-0.026,1.707,66.101,198.975,-56.030
0.496,-0.050,2.096,52.917,201.355,-44.434
0.521,-0.015,2.371,28.076,203.735,-37.659
0.659,0.050,2.522,-1.038,205.750,-35.156
0.509,0.138,2.613,-22.888,197.083,-35.950
0.724,-0.012,2.640,-31.921,198.425,-37.231
0.795,0.051,2.963,-37.903,176.758,-52.734
0.870,0.162,3.128,-37.537,137.085,-63.171
1.001,0.221,3.200,-31.433,115.662,-58.105
1.056,0.248,3.315,-30.823,107.910,-51.941
1.067,0.240,3.382,-42.114,103.577,-44.373
1.138,0.250,3.359,-56.824,101.379,-35.889
1.147,0.271,3.330,-65.002,90.210,-27.222
1.143,0.253,3.278,-65.674,71.350,-22.583
1.128,0.221,3.211,-60.852,45.898,-23.193
1.118,0.174,3.122,-53.040,15.686,-26.062
1.092,0.115,3.023,-43.945,-15.747,-25.757
1.032,0.016,2.924,-36.133,-41.443,-19.714
0.981,-0.117,2.817,-35.339,-57.556,-11.597
0.879,-0.197,2.670,-40.710,-70.984,-3.967
0.764,-0.279,2.488,-46.692,-81.177,2.136
0.643,-0.351,2.290,-51.819,-87.402,8.484
0.534,-0.414,2.100,-58.350,-89.539,13.550
0.418,-0.470,1.922,-65.613,-88.806,16.968
0.315,-0.505,1.741,-70.557,-86.060,19.653
0.214,-0.524,1.588,-71.472,-82.947,21.790
0.112,-0.557,1.503,-69.763,-79.041,22.583
0.048,-0.614,1.447,-65.674,-75.134,20.386
-0.039,-0.697,1.414,-57.861,-72.205,16.968
-0.113,-0.804,1.420,-47.058,-66.895,11.230
-0.197,-0.912,1.478,-31.189,-58.594,1.404
-0.257,-1.001,1.569,-8.789,-53.528,-15.869
-0.213,-1.057,1.693,20.935,-56.213,-40.283
-0.174,-1.054,1.757,52.795,-73.303,-68.359
-0.125,-1.015,1.779,73.792,-102.661,-95.154
-0.132,-0.984,1.721,82.520,-133.789,-117.126
-0.164,-0.937,1.567,80.811,-160.950,-130.798
-0.183,-0.879,1.387,71.838,-175.171,-136.047
-0.219,-0.835,1.202,56.946,-176.147,-136.047
-0.280,-0.813,0.990,36.499,-166.077,-136.047
-0.352,-0.747,0.746,7.935,-147.339,-136.292
-0.357,-0.531,0.481,-22.339,-117.981,-135.986
-0.361,-0.416,0.198,-45.288,-79.651,-131.897
-0.305,-0.368,0.028,-56.824,-39.917,-120.422
-0.231,-0.291,-0.029,-70.190,-2.197,-107.300
-0.109,-0.205,-0.014,-86.365,38.879,-92.773
0.075,-0.041,0.063,-100.037,72.510,-74.402
0.271,0.142,0.143,-105.591,85.266,-53.833
0.355,0.322,0.147,-96.924,73.059,-33.875
0.344,0.376,0.061,-75.195,44.739,-17.273
0.329,0.345,-0.003,-49.133,13.306,-5.615
0.327,0.300,-0.065,-35.156,-6.775,1.465
0.383,0.288,-0.038,-35.339,-9.827,6.165
0.488,0.306,-0.020,-47.791,-3.296,7.568
0.560,0.346,-0.014,-65.186,5.920,7.507
0.540,0.312,0.002,-83.069,16.968,5.798
0.538,0.302,0.047,-99.243,29.724,-1.465
0.573,0.415,0.071,-109.985,40.894,-19.775
0.590,0.531,0.060,-106.384,43.579,-47.974
0.601,0.667,0.047,-86.426,31.494,-78.918
0.640,0.861,0.059,-59.326,13.367,-106.445
0.656,1.071,0.095,-34.973,0.977,-123.230
0.633,1.264,0.167,-16.724,-4.944,-126.831
0.527,1.365,0.223,-8.545,-5.371,-117.798
0.416,1.379,0.217,-11.230,-0.793,-95.764
0.348,1.359,0.144,-20.996,10.071,-66.650
0.275,1.323,0.110,-28.564,25.024,-37.231
0.227,1.234,0.174,-28.503,36.011,-12.756
0.140,1.076,0.339,-21.301,35.889,4.456
0.073,0.852,0.507,-10.498,23.926,15.564
0.014,0.669,0.610,-0.061,4.150,20.386
-0.038,0.501,0.650,10.559,-18.433,17.395
-0.082,0.378,0.672,25.024,-38.452,11.047
-0.090,0.289,0.678,39.063,-49.744,6.653
-0.110,0.222,0.711,48.218,-51.086,6.226
-0.148,0.206,0.703,48.584,-42.969,9.949
-0.204,0.163,0.703,42.236,-28.015,15.808
-0.256,0.176,0.710,29.846,-8.362,23.743
-0.233,0.213,0.665,13.123,10.986,32.043
-0.173,0.210,0.663,1.465,24.475,39.917
-0.124,0.172,0.742,-3.113,33.691,48.035
-0.055,0.102,0.846,-5.249,40.405,53.406
-0.025,-0.000,0.952,-4.517,42.419,55.603
-0.027,-0.076,1.044,-0.977,38.818,53.101
-0.015,-0.128,1.106,2.686,31.982,46.814
0.000,-0.135,1.125,5.737,22.400,40.039
-0.004,-0.123,1.103,8.911,10.681,33.813

0.032,-0.335,0.735,-9.216,12.146,15.747
0.069,-0.370,0.716,-6.042,11.230,15.259
0.100,-0.405,0.704,-4.761,10.010,14.954
0.123,-0.445,0.675,-3.723,7.629,15.076
0.128,-0.492,0.643,-2.441,3.906,15.930
0.120,-0.573,0.615,0.061,-0.366,16.907
0.081,-0.654,0.586,0.732,-4.944,16.724
0.032,-0.720,0.536,-1.038,-9.583,15.320
-0.007,-0.756,0.436,-4.395,-13.733,13.123
-0.037,-0.748,0.307,-6.226,-18.005,9.766
-0.050,-0.732,0.162,-3.357,-21.301,4.883
-0.021,-0.705,0.050,4.578,-22.705,-1.221
0.070,-0.675,-0.026,15.869,-21.362,-6.348
0.206,-0.690,-0.081,27.405,-19.592,-8.118
0.343,-0.726,-0.100,35.950,-19.531,-5.432
0.445,-0.792,-0.096,39.856,-20.630,0.610
0.475,-0.882,-0.107,39.856,-24.170,9.949
0.378,-0.976,-0.134,40.039,-32.837,22.949
0.220,-1.107,-0.225,43.335,-44.739,36.438
0.061,-1.250,-0.398,45.837,-55.481,46.692
-0.137,-1.366,-0.630,45.410,-57.983,50.110
-0.257,-1.400,-0.739,48.218,-46.936,43.823
-0.279,-1.363,-0.715,52.124,-20.630,34.302
-0.183,-1.223,-0.614,51.575,11.719,25.818
-0.059,-1.042,-0.498,48.218,38.147,21.790
0.013,-0.891,-0.375,43.823,55.054,21.240
-0.040,-0.742,-0.258,38.269,66.162,23.193
-0.186,-0.587,-0.159,33.691,76.294,24.109
-0.327,-0.460,-0.003,32.593,89.233,22.278
-0.389,-0.347,0.222,34.302,107.544,19.775
-0.392,-0.243,0.523,38.208,127.197,17.700
-0.372,-0.170,0.916,42.175,146.729,15.015
-0.334,-0.116,1.306,40.405,165.527,9.521
-0.233,-0.029,1.693,35.217,180.664,2.075
0.024,-0.005,2.056,33.142,188.843,-4.150
0.316,-0.030,2.375,31.372,187.988,-7.263
0.534,-0.034,2.616,24.109,179.871,-6.836
0.702,-0.009,2.811,10.986,166.504,-5.798
0.609,0.002,3.002,-2.441,147.583,-6.897
0.907,-0.148,3.023,-10.315,143.005,-8.118
0.748,-0.180,3.286,-24.292,104.980,-15.076
0.727,-0.218,3.364,-31.189,76.233,-16.541
0.790,-0.309,3.406,-29.480,77.576,-15.320
0.783,-0.406,3.419,-37.476,69.946,-13.367
0.845,-0.448,3.331,-49.866,62.439,-8.850
0.820,-0.479,3.262,-58.777,40.039,-6.104
0.798,-0.545,3.107,-64.148,11.841,-10.315
0.731,-0.534,2.933,-69.092,-9.338,-20.813
0.666,-0.496,2.783,-70.557,-26.611,-31.006
0.618,-0.517,2.651,-68.298,-38.635,-34.363
0.561,-0.548,2.498,-69.641,-47.119,-31.677
0.510,-0.575,2.318,-74.463,-53.833,-28.320
0.411,-0.587,2.167,-78.369,-60.181,-26.855
0.380,-0.610,2.051,-78.186,-62.927,-27.710
0.309,-0.617,1.959,-74.158,-74.280,-29.785
0.281,-0.627,1.809,-65.857,-85.571,-37.781
0.217,-0.691,1.737,-53.711,-99.243,-43.640
0.169,-0.761,1.678,-46.814,-109.497,-50.720
0.091,-0.752,1.576,-50.781,-112.854,-63.599
-0.031,-0.719,1.486,-56.030,-114.258,-77.271
-0.153,-0.672,1.376,-56.274,-116.943,-86.914
-0.256,-0.673,1.260,-52.063,-120.789,-93.811
-0.356,-0.725,1.137,-45.105,-123.474,-100.342
-0.390,-0.745,0.984,-32.837,-127.014,-108.948
-0.377,-0.666,0.888,-7.996,-135.132,-122.314
-0.239,-0.510,0.851,27.893,-148.865,-140.076
-0.049,-0.377,0.873,72.693,-172.913,-150.879
0.031,-0.439,0.955,115.479,-208.191,-147.522
-0.004,-0.661,1.014,131.287,-240.234,-139.709
-0.131,-0.770,0.956,104.187,-241.638,-141.296
-0.215,-0.639,0.691,45.471,-196.106,-149.536
-0.241,-0.464,0.335,-7.202,-126.282,-155.579
-0.222,-0.254,-0.035,-30.457,-64.880,-160.522
-0.036,-0.034,-0.284,-21.606,-27.161,-165.710
0.328,0.328,-0.312,5.249,0.122,-166.077
0.799,0.627,-0.139,31.921,28.198,-151.001
1.097,0.880,0.110,46.387,53.650,-111.572
1.318,0.898,0.275,45.776,56.335,-56.213
1.286,0.836,0.248,32.654,46.204,-3.784
1.092,0.569,0.331,8.972,50.964,28.931
0.782,0.247,0.437,-18.127,69.275,34.912
0.518,0.152,0.573,-44.739,86.670,11.536
0.559,0.293,0.392,-61.890,81.116,-25.024
0.538,0.465,0.187,-55.481,59.692,-53.589
0.450,0.507,0.149,-34.485,42.114,-75.073
0.357,0.516,0.216,-21.301,38.208,-91.431
0.360,0.578,0.295,-19.226,41.565,-98.267
0.392,0.669,0.316,-24.597,47.424,-93.689
0.346,0.703,0.374,-28.137,54.504,-76.782
0.193,0.585,0.436,-29.175,60.852,-50.964
0.016,0.446,0.467,-34.729,65.247,-25.757
-0.071,0.369,0.411,-49.438,70.679,-8.362
-0.074,0.381,0.323,-62.744,76.904,-0.305
-0.043,0.441,0.310,-67.078,79.895,3.479
0.015,0.405,0.374,-65.247,77.820,5.798
0.018,0.333,0.481,-59.875,70.557,5.005
0.030,0.294,0.563,-44.739,55.420,-2.380
0.016,0.201,0.673,-20.508,35.583,-13.550
-0.036,0.089,0.839,-0.732,18.799,-20.996
-0.101,-0.052,0.983,3.784,7.446,-19.714
-0.152,-0.164,1.025,-6.042,2.747,-12.451
-0.196,-0.239,0.997,-22.217,4.028,-5.737
-0.233,-0.250,0.918,-34.363,9.155,-1.770
-0.217,-0.217,0.867,-37.781,14.954,-1.038
-0.188,-0.183,0.856,-33.875,18.494,-1.099
-0.173,-0.148,0.836,-29.907,21.240,0.183
-0.125,-0.072,0.817,-31.494,27.344,1.953
-0.046,0.034,0.828,-35.645,37.659,3.967
0.026,0.106,0.861,-34.851,45.105,5.432
0.121,0.144,0.897,-27.222,44.922,4.517
0.186,0.154,0.935,-16.846,40.161,1.831
0.218,0.132,1.005,-7.263,32.898,-0.305
0.216,0.087,1.081,-1.465,24.902,-1.343
0.223,0.021,1.147,-0.366,18.677,-1.221
0.217,-0.029,1.195,-2.319,13.916,0.183
0.196,-0.076,1.218,-5.005,8.362,1.343
0.155,-0.108,1.205,-8.606,2.869,1.709
0.141,-0.111,1.158,-13.184,-0.610,1.770
0.149,-0.086,1.103,-15.869,-2.991,2.380

0.151,-0.363,0.807,-19.531,2.930,12.146
0.169,-0.361,0.768,-19.531,0.854,11.292
0.180,-0.381,0.724,-17.029,-1.648,11.597
0.181,-0.415,0.676,-15.686,-3.296,13.367
0.188,-0.459,0.626,-17.090,-3.479,15.808
0.201,-0.508,0.574,-18.677,-3.052,18.616
0.222,-0.578,0.530,-18.188,-3.723,20.081
0.259,-0.645,0.472,-15.747,-6.348,19.897
0.300,-0.704,0.385,-12.024,-11.658,18.372
0.360,-0.765,0.289,-6.592,-18.982,15.259
0.417,-0.837,0.184,0.427,-26.733,11.475
0.453,-0.915,0.047,7.385,-34.058,7.263
0.462,-0.960,-0.088,14.221,-39.734,2.808
0.459,-0.993,-0.196,20.020,-41.748,-1.038
0.466,-1.026,-0.262,25.208,-40.222,-3.418
0.461,-1.057,-0.302,29.236,-35.950,-2.014
0.465,-1.084,-0.341,30.579,-30.457,1.892
0.409,-1.089,-0.378,29.358,-23.926,7.202
0.342,-1.093,-0.378,24.780,-15.625,12.573
0.205,-1.065,-0.427,16.846,-2.502,18.250
0.130,-0.993,-0.457,12.451,10.681,21.790
0.039,-0.917,-0.370,13.855,24.475,22.339
-0.011,-0.835,-0.302,16.113,39.063,18.738
-0.063,-0.651,-0.192,21.057,48.950,10.498
-0.097,-0.459,0.009,29.297,56.396,0.610
-0.091,-0.315,0.217,40.466,63.904,-8.789
-0.072,-0.143,0.442,49.988,70.068,-16.602
-0.045,0.059,0.813,57.312,78.796,-22.705
-0.050,0.154,1.287,62.317,90.515,-22.949
-0.071,0.118,1.690,57.434,101.624,-15.808
-0.091,0.126,1.987,41.687,112.976,-8.484
-0.039,0.172,2.218,25.391,123.230,-7.874
0.032,0.120,2.406,18.555,125.427,-10.132
0.059,0.042,2.552,15.564,119.019,-11.658
0.133,0.068,2.700,8.423,110.718,-14.832
0.215,0.060,2.899,3.479,103.455,-16.479
0.287,-0.106,3.132,0.977,95.276,-14.038
0.297,-0.286,3.289,-10.864,86.670,-12.085
0.062,-0.381,3.366,-30.029,72.083,-15.137
0.281,-0.508,3.253,-41.931,72.876,-18.677
0.128,-0.495,3.342,-54.138,32.593,-29.419
0.197,-0.577,3.185,-59.082,16.418,-44.434
0.163,-0.577,3.041,-61.646,3.052,-53.955
0.153,-0.563,2.883,-64.331,-10.803,-61.646
0.159,-0.540,2.690,-65.735,-24.841,-67.505
0.150,-0.490,2.521,-61.462,-44.128,-67.749
0.145,-0.449,2.373,-49.805,-62.195,-62.988
0.168,-0.380,2.159,-34.729,-71.533,-53.833
0.201,-0.312,1.956,-19.531,-72.021,-41.687
0.217,-0.364,1.852,-9.094,-67.627,-27.832
0.216,-0.420,1.838,-2.625,-53.101,-12.817
0.232,-0.397,1.740,-0.488,-35.278,-0.732
0.205,-0.441,1.666,-3.174,-28.198,2.563
0.240,-0.561,1.399,-9.338,-29.114,-5.920
0.175,-0.666,1.518,-32.227,-50.171,-34.180
0.115,-0.590,1.422,-51.880,-65.063,-69.824
0.104,-0.511,1.279,-59.509,-73.547,-102.600
0.109,-0.429,1.167,-52.856,-83.618,-127.502
0.121,-0.391,1.111,-41.870,-91.553,-143.005
0.099,-0.354,1.035,-36.743,-93.628,-146.851
0.037,-0.314,0.937,-40.955,-89.172,-141.235
-0.077,-0.248,0.784,-53.101,-78.796,-130.249
-0.145,-0.171,0.574,-67.749,-62.866,-117.004
-0.076,-0.057,0.391,-77.820,-41.077,-104.614
0.023,0.080,0.314,-76.660,-17.029,-93.750
0.161,0.199,0.316,-66.833,2.441,-84.351
0.260,0.322,0.285,-54.688,14.893,-75.928
0.303,0.407,0.249,-39.551,17.639,-65.918
0.346,0.433,0.137,-22.644,9.460,-53.955
0.341,0.362,0.041,-4.517,-3.784,-39.978
0.366,0.297,0.067,7.019,-15.991,-27.100
0.438,0.320,0.057,-1.404,-19.287,-20.447
0.504,0.427,-0.027,-21.851,-12.756,-18.372
0.516,0.481,-0.126,-39.978,-0.427,-17.578
0.550,0.527,-0.167,-50.598,15.625,-18.677
0.620,0.610,-0.138,-50.537,30.884,-25.452
0.714,0.725,-0.073,-39.917,40.527,-37.598
0.786,0.859,0.060,-19.775,44.006,-49.744
0.863,0.960,0.280,3.784,42.358,-57.190
0.874,1.000,0.476,20.325,40.894,-56.519
0.813,0.964,0.630,25.146,40.466,-47.974
0.698,0.878,0.756,19.348,40.527,-33.813
0.584,0.792,0.793,3.967,42.419,-17.761
0.484,0.685,0.767,-12.146,42.175,-2.625
0.317,0.567,0.710,-25.024,36.926,11.658
0.202,0.429,0.637,-32.166,23.865,20.874
0.137,0.333,0.584,-30.334,1.404,24.475
0.042,0.198,0.618,-17.822,-23.743,23.865
-0.024,0.092,0.670,-4.028,-40.100,19.287
-0.031,0.068,0.699,5.615,-48.462,11.230
-0.014,0.042,0.758,14.465,-52.673,2.808
0.039,0.039,0.818,20.325,-53.772,-2.808
0.066,0.031,0.848,21.973,-50.903,-5.371
0.038,-0.005,0.874,20.020,-44.434,-3.235
0.018,-0.047,0.892,12.512,-35.339,1.648
-0.009,-0.084,0.873,-0.793,-24.170,7.812
-0.042,-0.113,0.838,-14.832,-13.672,14.404
-0.079,-0.108,0.819,-27.588,-4.150,19.775
-0.075,-0.072,0.811,-37.109,3.418,21.912
-0.060,-0.009,0.788,-42.664,9.277,22.339
-0.077,0.024,0.798,-42.664,10.620,23.071
-0.092,0.043,0.809,-40.894,8.850,23.865
-0.096,0.056,0.808,-37.659,5.310,23.499
-0.104,0.003,0.810,-32.410,1.892,21.729
-0.126,-0.050,0.827,-26.672,0.549,19.409
-0.138,-0.110,0.843,-20.813,-0.061,14.648
-0.137,-0.129,0.867,-14.587,-1.465,7.629
-0.126,-0.101,0.912,-8.240,-3.967,-0.549
-0.056,-0.038,0.909,-3.967,-5.005,-9.399
0.003,0.039,0.905,-0.183,-4.089,-16.602
0.043,0.104,0.912,4.395,-3.296,-20.874
0.086,0.127,0.934,9.583,-2.075,-21.606
0.118,0.118,0.964,13.000,-0.610,-19.165
0.151,0.088,1.011,13.611,0.854,-15.015
0.137,0.033,1.065,10.986,2.380,-9.521
0.102,-0.014,1.099,5.188,2.319,-3.967
0.094,-0.031,1.116,-1.526,-0.122,-0.427
0.088,-0.023,1.111,-6.714,-6.104,0.793
0.070,-0.023,1.101,-8.179,-14.526,0.488

0.370,-0.420,0.923,38.635,-4.517,31.921
0.379,-0.497,0.944,34.302,-6.348,34.729
0.340,-0.585,0.988,28.503,-6.348,35.583
0.301,-0.677,1.013,21.851,-5.554,35.706
0.264,-0.727,0.991,15.442,-7.141,32.349
0.250,-0.745,0.911,12.146,-13.794,25.818
0.247,-0.736,0.769,12.512,-24.109,15.869
0.254,-0.702,0.619,17.151,-34.973,4.211
0.285,-0.678,0.523,27.161,-42.908,-4.944
0.323,-0.650,0.423,38.086,-47.241,-11.108
0.385,-0.635,0.317,46.021,-50.964,-15.869
0.430,-0.621,0.225,50.903,-52.917,-17.029
0.451,-0.630,0.150,54.321,-50.537,-14.893
0.394,-0.651,0.114,54.016,-43.274,-13.367
0.310,-0.672,0.111,50.415,-32.837,-14.465
0.262,-0.700,0.093,47.485,-21.667,-14.954
0.203,-0.764,0.047,43.213,-12.939,-13.550
0.126,-0.827,0.013,37.354,-6.470,-14.099
0.111,-0.850,-0.077,32.043,-1.221,-15.381
0.067,-0.874,-0.197,32.471,0.610,-15.930
0.033,-0.880,-0.296,39.307,0.427,-18.311
0.040,-0.888,-0.376,51.819,2.075,-24.170
0.040,-0.895,-0.374,66.284,7.080,-30.090
0.048,-0.925,-0.324,76.843,16.663,-35.095
0.036,-0.971,-0.302,81.787,27.832,-39.612
-0.003,-0.964,-0.315,82.275,36.194,-45.898
-0.055,-0.895,-0.257,83.313,47.302,-54.688
-0.112,-0.797,-0.132,87.646,65.308,-64.697
-0.121,-0.646,-0.027,88.379,83.740,-71.716
-0.091,-0.444,0.121,88.684,99.792,-70.313
-0.038,-0.279,0.353,92.468,118.591,-60.547
0.016,-0.240,0.609,92.407,139.526,-47.424
0.087,-0.242,0.885,82.886,162.170,-35.645
0.217,-0.255,1.208,70.068,188.110,-26.550
0.327,-0.331,1.625,59.814,215.210,-19.958
0.379,-0.400,1.991,46.814,236.145,-14.404
0.433,-0.333,2.283,26.245,245.361,-11.780
0.365,-0.273,2.536,7.446,241.028,-13.977
0.861,-0.383,2.740,1.953,256.165,-12.634
0.936,-0.335,3.059,-11.414,229.370,-20.996
1.022,-0.229,3.320,-28.015,198.486,-20.081
1.257,-0.274,3.417,-30.457,191.650,-7.141
1.378,-0.348,3.483,-39.978,177.490,5.859
1.369,-0.394,3.520,-60.059,143.066,15.076
1.337,-0.459,3.497,-73.486,105.530,17.700
1.298,-0.548,3.440,-75.378,66.223,15.564
1.194,-0.623,3.351,-77.148,23.254,8.057
1.005,-0.652,3.242,-84.229,-13.855,0.732
0.839,-0.654,3.064,-90.942,-35.461,-3.235
0.666,-0.701,2.879,-99.365,-45.776,-7.751
0.504,-0.710,2.723,-111.328,-51.270,-11.108
0.379,-0.704,2.492,-124.207,-56.580,-11.536
0.243,-0.694,2.265,-130.920,-61.951,-10.071
0.109,-0.748,2.088,-131.714,-60.425,-8.118
0.030,-0.829,2.002,-131.470,-50.842,-5.798
0.008,-0.909,2.070,-131.042,-42.664,-5.920
0.059,-0.939,2.098,-120.117,-53.589,-14.648
0.110,-0.973,2.099,-90.332,-86.975,-28.809
0.171,-0.909,2.043,-50.598,-125.977,-42.358
0.255,-0.905,1.868,-18.738,-157.898,-54.810
0.256,-0.921,1.654,-2.136,-181.335,-63.965
0.146,-0.921,1.416,5.920,-198.120,-67.627
-0.020,-0.905,1.134,16.113,-209.167,-67.383
-0.228,-0.935,0.856,42.847,-217.407,-66.284
-0.257,-0.945,0.680,94.116,-208.862,-67.749
-0.047,-1.006,0.416,155.396,-187.134,-76.355
0.150,-1.115,0.152,171.753,-188.721,-97.412
0.249,-1.007,0.098,102.295,-204.834,-127.197
0.402,-0.681,0.214,6.226,-174.561,-154.419
0.670,-0.125,0.362,-70.862,-98.083,-158.020
0.803,0.231,0.382,-123.779,-29.358,-133.118
0.848,0.419,0.080,-150.757,-0.610,-96.985
0.723,0.599,-0.253,-150.574,-5.981,-64.819
0.440,0.524,-0.517,-123.169,-28.992,-40.710
0.191,0.192,-0.643,-73.120,-56.763,-25.085
0.044,0.001,-0.588,-36.255,-63.354,-16.235
0.085,0.044,-0.463,-44.983,-31.799,-20.142
0.300,0.305,-0.448,-72.266,15.198,-30.212
0.479,0.598,-0.461,-83.008,43.030,-42.725
0.613,0.849,-0.428,-73.914,44.067,-61.157
0.719,1.054,-0.297,-54.749,35.034,-81.421
0.781,1.164,-0.122,-30.090,25.452,-100.342
0.751,1.198,0.075,-2.747,16.052,-117.676
0.697,1.201,0.215,23.743,5.554,-131.226
0.657,1.217,0.287,46.204,-1.221,-137.817
0.628,1.164,0.386,63.171,0.183,-132.629
0.543,1.015,0.542,68.359,8.118,-114.807
0.404,0.812,0.736,57.617,20.813,-87.524
0.251,0.610,0.875,31.494,37.109,-54.993
0.182,0.452,0.910,-4.822,56.885,-23.621
0.147,0.346,0.853,-43.396,74.402,0.122
0.127,0.279,0.789,-73.303,84.534,14.038
0.141,0.265,0.769,-84.961,86.121,21.118
0.148,0.192,0.778,-78.003,75.989,23.315
0.112,0.063,0.851,-60.669,49.377,20.691
0.068,-0.028,0.932,-43.884,17.090,16.174
0.046,-0.099,0.984,-34.912,-7.935,9.827
0.024,-0.172,1.001,-35.522,-23.865,3.967
0.002,-0.204,0.954,-44.250,-30.640,2.136
-0.007,-0.178,0.888,-54.932,-30.579,3.113
0.010,-0.109,0.852,-62.500,-25.696,5.371
0.036,-0.035,0.854,-66.101,-16.479,7.080
0.039,0.011,0.882,-65.918,-5.920,8.301
0.049,0.036,0.928,-66.589,2.319,10.132
0.048,0.057,0.957,-70.129,9.460,13.245
0.042,0.085,0.959,-71.228,14.160,15.808
0.032,0.069,0.940,-67.688,14.587,15.991
0.010,0.046,0.910,-61.584,14.587,15.198
-0.007,0.048,0.888,-54.871,15.076,14.771
-0.018,0.059,0.878,-49.377,16.418,13.916
-0.028,0.083,0.886,-44.373,17.700,11.841
-0.021,0.099,0.889,-39.124,17.212,8.789
-0.001,0.113,0.880,-32.898,16.052,4.822
0.020,0.115,0.897,-26.611,13.977,1.343
0.026,0.115,0.921,-20.935,11.841,-1.221
0.046,0.140,0.943,-15.564,9.888,-4.211
0.085,0.179,0.974,-9.033,7.141,-8.606
0.116,0.203,1.004,-0.793,3.418,-12.634
0.123,0.200,1.041,6.775,0.061,-15.564

0.248,-0.372,0.925,4.211,-19.775,13.184
0.255,-0.373,0.851,1.404,-20.203,14.282
0.262,-0.385,0.786,-2.014,-19.836,15.015
0.278,-0.403,0.726,-7.141,-18.616,15.930
0.295,-0.439,0.664,-12.451,-16.663,16.663
0.318,-0.475,0.609,-15.564,-14.587,16.785
0.350,-0.511,0.540,-16.052,-13.367,15.320
0.391,-0.552,0.473,-13.306,-13.916,11.902
0.435,-0.608,0.397,-8.667,-15.137,6.165
0.456,-0.651,0.317,-3.601,-17.090,-0.183
0.476,-0.690,0.227,0.854,-20.569,-6.470
0.509,-0.733,0.116,6.958,-25.146,-11.230
0.509,-0.731,-0.018,14.771,-30.090,-15.503
0.483,-0.733,-0.164,24.719,-36.194,-21.667
0.456,-0.755,-0.284,37.659,-40.771,-29.907
0.417,-0.788,-0.383,52.429,-41.077,-38.391
0.392,-0.829,-0.424,63.110,-37.292,-45.715
0.338,-0.830,-0.443,68.726,-29.968,-49.194
0.342,-0.838,-0.417,73.730,-23.865,-49.744
0.302,-0.839,-0.461,83.069,-22.705,-46.570
0.271,-0.909,-0.465,95.520,-24.902,-42.419
0.223,-0.992,-0.461,105.286,-25.635,-38.757
0.129,-1.033,-0.450,108.154,-21.057,-34.668
0.020,-1.021,-0.411,104.370,-10.132,-29.602
-0.062,-0.985,-0.345,98.633,7.690,-24.475
-0.137,-0.929,-0.201,91.919,30.212,-20.447
-0.148,-0.856,0.010,85.632,52.429,-16.846
-0.105,-0.767,0.226,81.726,73.486,-13.794
-0.077,-0.578,0.474,76.416,92.163,-14.160
0.001,-0.371,0.777,68.726,107.910,-16.541
0.102,-0.218,1.028,63.477,118.103,-14.648
0.221,-0.083,1.197,58.594,124.146,-11.169
0.319,0.025,1.359,52.246,129.883,-10.315
0.370,0.092,1.529,46.448,136.047,-10.925
0.484,0.182,1.668,40.833,140.808,-10.803
0.676,0.172,1.832,41.016,144.165,-8.667
0.919,0.037,2.046,43.701,146.423,-3.174
0.786,-0.048,2.296,36.011,141.663,2.808
1.149,-0.199,2.419,27.283,154.968,7.690
1.159,-0.350,2.745,19.653,139.160,8.972
1.080,-0.522,3.036,7.324,105.469,15.198
1.114,-0.687,3.107,1.709,115.173,27.649
1.198,-0.860,3.138,-7.629,129.089,36.316
1.124,-1.011,3.251,-22.949,116.638,43.213
1.043,-1.150,3.311,-39.307,96.741,46.570
1.003,-1.272,3.305,-57.007,78.613,40.771
0.917,-1.332,3.268,-76.050,55.908,21.301
0.798,-1.308,3.179,-91.309,25.940,-6.104
0.742,-1.230,2.977,-97.473,-6.226,-28.687
0.742,-1.135,2.750,-93.689,-29.907,-44.434
0.778,-1.056,2.515,-89.844,-44.128,-53.406
0.774,-0.974,2.252,-92.834,-51.697,-58.105
0.812,-0.856,1.964,-98.877,-52.979,-58.167
0.714,-0.755,1.802,-102.478,-57.861,-54.993
0.684,-0.762,1.667,-99.365,-46.143,-52.063
0.672,-0.779,1.623,-98.938,-31.128,-42.908
0.694,-0.751,1.590,-107.361,-24.231,-31.250
0.693,-0.750,1.574,-120.544,-22.949,-23.560
0.695,-0.730,1.517,-132.141,-26.428,-20.081
0.672,-0.751,1.456,-138.855,-38.818,-19.104
0.634,-0.756,1.373,-138.245,-61.157,-24.170
0.577,-0.730,1.227,-131.409,-92.102,-40.955
0.491,-0.640,1.041,-121.155,-123.474,-69.397
0.404,-0.548,0.804,-106.201,-151.672,-99.915
0.351,-0.434,0.543,-85.938,-173.950,-125.732
0.290,-0.274,0.320,-61.340,-187.561,-145.569
0.281,-0.125,0.172,-38.757,-190.674,-159.668
0.329,-0.012,0.131,-22.705,-181.396,-166.382
0.373,0.083,0.125,-17.578,-162.842,-164.917
0.405,0.096,0.180,-24.170,-134.216,-156.738
0.439,-0.027,0.220,-44.128,-97.656,-146.301
0.520,-0.072,0.285,-78.613,-55.481,-138.611
0.561,0.005,0.365,-121.826,-9.216,-130.493
0.558,0.066,0.393,-160.828,29.785,-119.507
0.576,0.129,0.347,-189.087,48.462,-107.483
0.614,0.239,0.210,-205.566,48.706,-99.731
0.639,0.334,0.060,-207.642,34.119,-97.473
0.640,0.412,-0.062,-196.472,10.376,-99.426
0.664,0.491,-0.209,-177.795,-16.724,-102.417
0.665,0.630,-0.403,-157.715,-41.016,-103.027
0.647,0.752,-0.522,-137.573,-53.528,-102.234
0.599,0.839,-0.519,-117.249,-50.598,-99.731
0.553,0.883,-0.456,-99.976,-36.743,-92.896
0.516,0.885,-0.362,-88.562,-17.700,-83.069
0.463,0.875,-0.263,-80.933,3.235,-71.960
0.397,0.892,-0.198,-74.646,24.658,-62.439
0.336,0.905,-0.162,-66.589,44.250,-57.068
0.292,0.888,-0.094,-53.528,61.707,-54.443
0.254,0.882,0.015,-34.485,76.355,-51.086
0.304,0.840,0.174,-13.306,83.618,-45.898
0.354,0.779,0.331,6.836,77.698,-37.415
0.357,0.641,0.499,26.123,51.758,-24.292
0.297,0.491,0.617,43.152,10.864,-8.118
0.252,0.351,0.731,54.260,-31.555,5.554
0.190,0.274,0.779,58.044,-59.082,14.771
0.152,0.193,0.781,57.495,-70.923,17.639
0.099,0.179,0.708,58.105,-70.496,18.616
0.041,0.190,0.655,62.317,-61.707,21.179
-0.003,0.244,0.522,66.101,-47.852,24.536
-0.043,0.316,0.435,69.336,-36.621,27.466
-0.059,0.356,0.382,71.533,-27.222,30.090
-0.030,0.353,0.400,70.435,-15.381,32.532
0.062,0.330,0.446,62.317,1.709,35.706
0.147,0.290,0.580,48.096,19.226,42.603
0.221,0.236,0.781,32.654,34.546,51.147
0.237,0.174,0.960,18.677,42.664,57.800
0.262,0.114,1.086,10.620,39.734,60.242
0.275,0.080,1.127,6.836,30.579,61.157
0.255,0.019,1.144,8.728,19.348,55.847
0.236,-0.006,1.123,14.587,6.287,47.852
0.232,0.025,1.080,20.630,-7.019,39.795
0.234,0.069,1.005,27.832,-19.165,31.128
0.223,0.117,0.927,37.476,-28.748,25.085
0.218,0.117,0.908,48.645,-36.560,21.545
0.196,0.070,0.920,54.993,-41.077,19.287
0.152,0.019,0.961,53.162,-40.527,17.151
0.141,-0.004,1.005,44.006,-36.072,15.198
0.158,0.001,1.060,30.273,-25.696,12.634
0.159,0.010,1.067,15.198,-12.878,11.719

0.162,-0.027,0.872,-5.005,11.230,13.306
0.185,-0.034,0.856,-4.639,15.808,14.282
0.206,-0.056,0.852,-3.662,19.165,15.869
0.214,-0.078,0.861,-3.723,21.423,17.639
0.215,-0.109,0.866,-4.150,22.400,19.592
0.203,-0.157,0.848,-4.639,21.423,21.973
0.198,-0.222,0.817,-4.578,19.226,23.743
0.196,-0.305,0.778,-2.686,16.418,24.780
0.178,-0.404,0.731,-0.122,12.451,23.926
0.172,-0.521,0.658,0.916,6.775,20.020
0.179,-0.646,0.567,2.563,0.977,13.733
0.180,-0.716,0.476,7.202,-4.089,6.165
0.204,-0.775,0.382,15.747,-8.911,-3.113
0.244,-0.828,0.292,26.489,-12.939,-14.954
0.314,-0.883,0.196,38.086,-15.503,-26.550
0.392,-0.906,0.098,48.096,-17.639,-34.790
0.471,-0.901,0.009,55.115,-20.386,-39.246
0.520,-0.917,-0.068,60.791,-24.597,-39.734
0.531,-0.953,-0.131,64.819,-30.334,-36.438
0.529,-0.974,-0.216,67.139,-35.950,-28.870
0.501,-0.981,-0.329,67.871,-41.748,-19.104
0.455,-1.023,-0.471,68.787,-46.021,-9.888
0.383,-1.067,-0.622,69.824,-46.997,-0.793
0.257,-1.103,-0.680,67.688,-40.100,5.066
0.136,-1.075,-0.799,63.171,-27.344,9.460
0.073,-0.988,-0.859,64.209,-11.597,14.771
-0.000,-0.876,-0.825,70.129,6.042,17.883
-0.060,-0.784,-0.802,79.163,26.001,17.700
-0.104,-0.669,-0.787,87.646,44.250,14.587
-0.132,-0.516,-0.771,93.201,62.195,8.301
-0.135,-0.372,-0.682,100.952,77.637,3.540
-0.160,-0.238,-0.521,114.868,90.454,0.854
-0.140,-0.098,-0.244,130.432,103.699,-2.625
-0.052,0.005,0.195,146.790,115.051,-3.357
0.012,0.003,0.741,158.142,128.174,0.732
0.128,-0.069,1.221,156.006,148.132,10.498
0.414,-0.144,1.629,142.639,172.546,25.940
0.633,-0.274,2.126,126.221,195.496,44.678
0.875,-0.439,2.601,109.863,217.163,61.340
1.292,-0.795,3.048,93.872,244.568,75.317
1.379,-1.026,3.559,58.960,223.206,75.928
1.407,-1.164,3.870,25.696,201.355,78.552
1.480,-1.370,3.960,2.441,198.181,80.017
1.501,-1.405,3.934,-31.372,189.819,75.317
1.494,-1.314,3.850,-67.322,172.729,66.589
1.591,-1.288,3.760,-88.440,151.917,52.979
1.613,-1.306,3.711,-103.943,117.493,34.546
1.649,-1.252,3.527,-119.934,73.547,11.475
1.612,-1.176,3.356,-126.526,27.283,-11.047
1.595,-1.063,3.208,-125.671,-11.230,-22.400
1.522,-1.027,3.080,-126.282,-31.250,-22.888
1.502,-0.969,2.818,-135.559,-38.940,-26.733
1.293,-0.917,2.586,-147.461,-59.082,-31.738
1.085,-0.881,2.288,-153.992,-77.942,-32.349
0.919,-0.936,2.029,-153.381,-83.618,-33.936
0.713,-1.000,1.827,-148.499,-84.106,-38.330
0.547,-1.030,1.680,-139.771,-88.501,-47.058
0.396,-1.139,1.663,-125.122,-93.079,-60.364
0.316,-1.138,1.650,-110.474,-98.389,-77.881
0.298,-1.034,1.590,-98.511,-111.206,-98.389
0.335,-0.993,1.504,-86.304,-125.916,-119.141
0.410,-0.946,1.397,-75.867,-134.094,-134.460
0.475,-0.836,1.294,-70.679,-135.986,-140.503
0.529,-0.704,1.158,-74.036,-135.193,-137.878
0.553,-0.557,1.003,-85.327,-131.958,-127.869
0.530,-0.434,0.851,-102.417,-125.366,-109.680
0.513,-0.445,0.743,-121.887,-112.427,-83.923
0.414,-0.578,0.724,-143.616,-93.811,-59.204
0.340,-0.756,0.780,-160.461,-79.651,-52.368
0.207,-0.788,0.752,-164.062,-74.829,-76.416
0.016,-0.603,0.633,-148.987,-83.801,-124.390
0.045,-0.416,0.436,-116.211,-109.314,-171.753
0.281,-0.263,0.140,-81.909,-147.278,-198.730
0.755,0.190,-0.232,-63.354,-184.937,-198.181
1.228,0.811,-0.546,-62.256,-200.256,-167.847
1.485,1.248,-0.771,-71.655,-190.918,-116.943
1.459,1.256,-0.915,-82.703,-166.138,-55.908
1.533,1.371,-0.748,-98.633,-120.483,10.132
1.396,0.953,-0.496,-103.699,-54.443,28.320
0.997,0.819,-0.378,-113.525,-11.902,-2.319
0.530,0.881,-0.411,-111.389,-7.141,-40.161
0.129,0.827,-0.442,-88.562,-19.653,-59.937
-0.126,0.786,-0.463,-67.932,-27.222,-62.012
-0.213,0.867,-0.557,-64.087,-22.400,-52.673
-0.190,0.964,-0.614,-67.139,-5.371,-42.358
-0.206,1.067,-0.701,-63.110,11.230,-32.410
-0.252,1.155,-0.681,-43.579,26.978,-23.132
-0.244,0.998,-0.553,-16.846,37.415,-17.090
-0.306,0.631,-0.359,3.479,48.462,-10.742
-0.356,0.307,-0.095,10.620,71.777,-11.230
-0.343,0.100,0.227,9.033,96.008,-18.799
-0.282,-0.054,0.522,8.362,105.896,-28.687
-0.164,-0.135,0.742,11.841,96.558,-39.551
-0.033,-0.142,0.872,18.066,71.472,-50.049
0.118,-0.066,0.903,24.231,39.612,-58.167
0.299,0.070,0.863,26.794,12.390,-63.721
0.428,0.168,0.860,26.123,-2.441,-64.270
0.533,0.266,0.879,23.621,-6.226,-56.580
0.591,0.308,0.901,18.921,-7.202,-42.725
0.561,0.257,0.893,12.207,-6.104,-25.085
0.465,0.159,0.902,1.953,0.671,-7.080
0.312,0.052,0.961,-12.695,12.939,9.155
0.214,-0.027,0.993,-28.870,26.855,22.827
0.168,-0.048,0.979,-39.612,35.889,29.846
0.166,-0.011,0.962,-40.527,36.987,28.198
0.205,0.049,0.971,-33.020,32.104,20.081
0.260,0.115,0.967,-21.179,23.254,11.536
0.301,0.167,0.989,-7.507,11.597,5.859
0.372,0.212,1.029,4.028,0.671,2.625
0.410,0.238,1.036,13.428,-8.423,1.587
0.391,0.202,1.007,23.071,-17.761,4.150
0.320,0.118,1.041,30.029,-25.940,9.216
0.271,0.046,1.058,27.954,-29.175,14.221
0.234,0.046,1.039,18.372,-26.123,17.517
0.214,0.036,1.003,9.094,-18.372,19.104
0.185,0.058,1.004,3.601,-12.085,19.409
0.192,0.131,1.008,2.686,-6.897,17.334
0.239,0.142,1.004,3.723,-1.099,11.292
0.256,0.164,1.025,7.690,1.343,8.850